150.900,330.000,3.900,4.000
151.000,329.690,3.970,4.090
151.100,329.380,4.040,4.180
151.190,329.070,4.120,4.270
151.290,328.760,4.190,4.360
151.390,328.450,4.260,4.450
151.490,328.140,4.330,4.540
151.590,327.830,4.400,4.630
151.680,327.520,4.480,4.720
151.780,327.210,4.550,4.810
151.880,326.900,4.620,4.900
152.100,326.610,4.580,4.810
152.320,326.320,4.540,4.710
152.540,326.030,4.500,4.620
152.760,325.740,4.460,4.530
152.980,325.450,4.420,4.430
153.200,325.160,4.380,4.340
153.320,325.100,4.280,4.250
153.440,324.730,4.390,4.470
153.560,324.370,4.510,4.680
153.680,324.000,4.620,4.900
153.810,323.700,4.590,4.870
153.930,323.400,4.560,4.830
154.060,323.100,4.530,4.800
154.180,322.800,4.500,4.760
154.310,322.500,4.470,4.730
154.430,322.200,4.440,4.690
154.560,321.900,4.410,4.660
154.680,321.600,4.380,4.620
154.810,321.300,4.350,4.590
154.930,321.000,4.320,4.550
155.060,320.700,4.290,4.520
155.180,320.400,4.260,4.480
155.310,320.100,4.230,4.450
155.430,319.800,4.200,4.410
155.560,319.500,4.170,4.380
155.680,319.200,4.140,4.340
155.810,318.900,4.110,4.310
155.930,318.600,4.080,4.270
156.060,318.300,4.050,4.240
156.180,318.000,4.020,4.200
156.290,317.800,4.210,4.190
156.900,317.400,3.710,4.100
156.930,317.180,3.800,4.150
156.970,316.970,3.870,4.200
157.000,316.750,3.960,4.250
157.030,316.530,4.040,4.300
157.060,316.320,4.130,4.350
157.100,316.100,4.200,4.400
157.850,315.400,4.050,4.250
158.600,314.700,3.900,4.100
158.650,314.380,3.950,4.120
158.700,314.060,4.000,4.140
158.740,313.740,4.060,4.160
158.790,313.420,4.110,4.180
158.840,313.100,4.160,4.200
158.890,312.780,4.210,4.220
158.940,312.460,4.260,4.240
158.980,312.140,4.320,4.260
159.030,311.820,4.370,4.280
159.080,311.500,4.420,4.300
159.200,311.170,4.420,4.310
159.320,310.850,4.420,4.320
159.440,310.520,4.420,4.330
159.560,310.190,4.420,4.340
159.680,309.870,4.420,4.350
159.800,309.540,4.420,4.360
159.920,309.210,4.420,4.370
160.040,308.890,4.420,4.380
160.160,308.560,4.420,4.390
160.280,308.230,4.420,4.400
160.400,307.910,4.420,4.410
160.520,307.580,4.420,4.420
160.640,307.250,4.420,4.430
160.760,306.930,4.420,4.440
160.880,306.600,4.420,4.450
161.000,306.270,4.420,4.460
161.120,305.950,4.420,4.470
161.240,305.620,4.420,4.480
161.360,305.290,4.420,4.490
161.480,304.970,4.420,4.500
161.600,304.640,4.420,4.510
161.720,304.310,4.420,4.520
161.920,303.990,4.340,4.530
162.110,303.660,4.270,4.540
162.310,303.330,4.190,4.550
162.510,303.010,4.110,4.560
162.710,302.680,4.030,4.570
162.900,302.350,3.960,4.580
163.100,302.030,3.880,4.590
163.300,301.700,3.800,4.600
163.390,301.390,3.830,4.600
163.480,301.080,3.860,4.600
163.570,300.770,3.890,4.600
163.660,300.460,3.920,4.600
163.750,300.150,3.950,4.600
163.830,299.840,3.990,4.600
163.920,299.530,4.020,4.600
164.010,299.220,4.050,4.600
164.100,298.910,4.080,4.600
164.190,298.600,4.110,4.600
164.280,298.290,4.140,4.600
164.370,297.980,4.170,4.600
164.460,297.670,4.200,4.600
164.550,297.360,4.230,4.600
164.640,297.050,4.260,4.600
164.720,296.740,4.300,4.600
164.810,296.430,4.330,4.600
164.900,296.120,4.360,4.600
164.990,295.810,4.390,4.600
165.080,295.500,4.420,4.600
165.190,295.170,4.380,4.570
165.290,294.850,4.350,4.530
165.400,294.520,4.310,4.500
165.500,294.200,4.280,4.460
165.610,293.870,4.240,4.430
165.720,293.550,4.200,4.390
165.820,293.220,4.170,4.360
165.930,292.900,4.130,4.320
166.030,292.570,4.100,4.290
166.140,292.250,4.060,4.250
166.250,291.920,4.020,4.220
166.350,291.600,3.990,4.180
166.460,291.270,3.950,4.150
166.560,290.950,3.920,4.110
166.670,290.620,3.880,4.080
166.780,290.300,3.840,4.040
166.880,289.970,3.810,4.010
166.990,289.650,3.770,3.970
167.090,289.320,3.740,3.940
167.200,289.000,3.700,3.900
167.270,288.630,3.700,3.900
167.340,288.260,3.700,3.900
167.410,287.890,3.700,3.900
167.480,287.520,3.700,3.900
167.550,287.150,3.700,3.900
167.620,286.780,3.700,3.900
167.690,286.410,3.700,3.900
167.760,286.040,3.700,3.900
167.830,285.670,3.700,3.900
167.900,285.300,3.700,3.900
167.960,285.020,3.700,3.900
168.020,284.740,3.700,3.900
168.080,284.460,3.700,3.900
168.140,284.180,3.700,3.900
168.200,283.900,3.700,3.900
168.260,283.620,3.700,3.900
168.320,283.340,3.700,3.900
168.380,283.060,3.700,3.900
168.440,282.780,3.700,3.900
168.500,282.500,3.700,3.900
168.540,282.120,3.700,3.900
168.580,281.750,3.700,3.900
168.620,281.370,3.700,3.900
168.660,280.990,3.700,3.900
168.700,280.620,3.700,3.890
168.740,280.240,3.700,3.900
168.780,279.860,3.700,3.900
168.810,279.480,3.700,3.900
168.850,279.110,3.700,3.900
168.890,278.730,3.700,3.900
168.930,278.350,3.700,3.900
168.970,277.980,3.700,3.900
169.010,277.600,3.700,3.900
169.050,277.220,3.700,3.900
169.090,276.850,3.700,3.900
169.130,276.470,3.700,3.900
169.170,276.090,3.700,3.900
169.210,275.710,3.700,3.900
169.250,275.340,3.700,3.900
169.290,274.960,3.700,3.900
169.340,274.690,3.600,3.860
169.390,274.430,3.500,3.820
169.440,274.160,3.400,3.780
169.490,273.900,3.300,3.740
169.540,273.630,3.200,3.700
169.590,273.360,3.100,3.660
169.650,273.100,3.000,3.620
169.700,272.830,2.900,3.580
169.750,272.570,2.820,3.540
169.800,272.300,2.800,3.500
169.830,271.850,2.850,3.530
169.860,271.400,2.900,3.560
169.890,270.950,2.950,3.590
169.920,270.500,3.000,3.620
169.950,270.050,3.050,3.650
169.980,269.600,3.120,3.680
170.010,269.150,3.190,3.720
170.040,268.700,3.260,3.780
170.070,268.250,3.330,3.840
170.100,267.800,3.400,3.900
170.130,267.440,3.370,3.870
170.160,267.090,3.330,3.830
170.190,266.730,3.300,3.790
170.220,266.380,3.260,3.750
170.250,266.020,3.230,3.730
170.280,265.670,3.190,3.710
170.320,265.310,3.150,3.700
170.350,264.960,3.110,3.680
170.380,264.600,3.080,3.670
170.410,264.250,3.040,3.650
170.440,263.890,3.010,3.640
170.470,263.540,2.970,3.620
170.500,263.180,2.940,3.610
170.490,262.830,2.940,3.590
170.470,262.470,2.960,3.580
170.460,262.120,2.960,3.560
170.440,261.770,2.980,3.570
170.430,261.390,2.980,3.640
170.410,260.940,3.000,3.780
170.400,260.500,3.000,3.900
170.400,260.130,3.000,3.890
170.400,259.760,3.000,3.880
170.400,259.390,3.000,3.870
170.400,259.020,3.000,3.860
170.400,258.650,3.000,3.850
170.400,258.280,3.000,3.840
170.400,257.910,3.000,3.830
170.400,257.540,3.000,3.820
170.400,257.170,3.000,3.810
170.400,256.800,3.000,3.800
170.370,256.570,3.030,3.700
170.330,256.240,3.070,3.700
170.300,255.910,3.100,3.700
170.310,255.580,3.090,3.700
170.330,255.250,3.070,3.700
170.340,254.920,3.060,3.700
170.360,254.590,3.040,3.700
170.370,254.240,3.030,3.720
170.390,253.870,3.010,3.760
170.400,253.500,3.000,3.800
170.400,253.100,3.000,3.800
170.400,252.700,3.000,3.800
170.400,252.300,3.000,3.800
170.400,251.900,3.000,3.800
170.400,251.500,3.000,3.800
170.400,251.100,3.000,3.800
170.400,250.700,3.000,3.800
170.400,250.300,3.000,3.800
170.400,249.900,3.000,3.800
170.400,249.500,3.000,3.800
170.350,249.110,3.000,3.800
170.300,248.720,3.000,3.800
170.250,248.330,3.000,3.800
170.200,247.940,3.000,3.800
170.150,247.550,3.000,3.800
170.100,247.160,3.000,3.800
170.050,246.770,3.000,3.800
170.000,246.380,3.000,3.800
169.950,245.990,3.000,3.800
169.900,245.600,3.000,3.800
169.890,245.190,3.000,3.800
169.880,244.780,3.000,3.800
169.870,244.370,3.000,3.800
169.860,243.960,3.000,3.800
169.850,243.550,3.000,3.800
169.840,243.140,3.000,3.800
169.830,242.730,3.000,3.800
169.820,242.320,3.000,3.800
169.810,241.910,3.000,3.800
169.800,241.500,3.000,3.800
169.820,241.150,3.000,3.800
169.840,240.800,3.000,3.800
169.860,240.450,3.000,3.800
169.880,240.100,3.000,3.800
169.900,239.750,3.000,3.800
169.920,239.400,3.000,3.800
169.940,239.050,3.000,3.800
169.960,238.700,3.000,3.800
169.980,238.350,3.000,3.800
170.000,238.000,3.000,3.800
169.940,237.560,3.000,3.800
169.880,237.120,3.000,3.800
169.820,236.680,3.000,3.800
169.760,236.240,3.000,3.800
169.700,235.800,3.000,3.800
169.640,235.360,3.000,3.800
169.580,234.920,3.000,3.800
169.520,234.480,3.000,3.800
169.460,234.040,3.000,3.800
169.400,233.600,3.000,3.800
169.300,233.300,3.020,3.700
169.220,232.900,3.020,3.700
169.140,232.500,3.020,3.700
169.070,232.100,3.010,3.700
168.990,231.700,3.010,3.700
168.910,231.300,3.010,3.700
168.830,230.900,3.010,3.700
168.760,230.470,3.000,3.730
168.680,230.030,3.000,3.770
168.600,229.600,3.000,3.800
168.580,229.210,3.000,3.800
168.560,228.820,3.000,3.800
168.540,228.430,3.000,3.800
168.520,228.040,3.000,3.800
168.500,227.650,3.000,3.800
168.480,227.260,3.000,3.800
168.460,226.870,3.000,3.800
168.440,226.480,3.000,3.800
168.420,226.090,3.000,3.800
168.400,225.700,3.000,3.800
168.400,225.340,3.000,3.800
168.400,224.980,3.000,3.800
168.400,224.620,3.000,3.800
168.400,224.260,3.000,3.800
168.400,223.900,3.000,3.800
168.400,223.540,3.000,3.800
168.400,223.180,3.000,3.800
168.400,222.820,3.000,3.800
168.400,222.460,3.000,3.800
168.400,222.100,3.000,3.800
168.310,221.650,3.000,3.800
168.220,221.200,3.000,3.800
168.130,220.750,3.000,3.800
168.040,220.300,3.000,3.800
167.950,219.850,3.000,3.800
167.860,219.400,3.000,3.800
167.770,218.950,3.000,3.800
167.680,218.500,3.000,3.800
167.590,218.050,3.000,3.800
167.500,217.600,3.000,3.800
167.500,217.260,3.010,3.780
167.500,216.920,3.020,3.760
167.500,216.580,3.040,3.730
167.500,216.240,3.050,3.710
167.500,215.900,3.060,3.690
167.500,215.560,3.070,3.670
167.500,215.220,3.090,3.640
167.500,214.880,3.100,3.620
167.500,214.540,3.050,3.710
167.500,214.200,3.000,3.800
167.410,213.800,3.000,3.800
167.320,213.390,3.000,3.800
167.230,212.990,3.000,3.800
167.140,212.580,3.000,3.800
167.050,212.170,3.000,3.810
166.960,211.770,3.000,3.800
166.870,211.360,3.000,3.810
166.780,210.960,3.000,3.800
166.690,210.550,3.000,3.810
166.600,210.150,3.000,3.800
166.510,209.740,3.000,3.810
166.420,209.340,3.000,3.800
166.330,208.930,3.000,3.810
166.240,208.530,3.000,3.800
166.150,208.120,3.000,3.810
166.060,207.720,3.000,3.800
165.970,207.310,3.000,3.810
165.880,206.910,3.000,3.800
165.790,206.500,3.000,3.810
165.700,206.100,3.000,3.800
165.650,205.760,3.100,3.770
165.600,205.380,3.200,3.770
165.550,204.960,3.300,3.820
165.500,204.550,3.400,3.850
165.450,204.140,3.500,3.890
165.400,203.730,3.600,3.920
165.350,203.310,3.700,3.970
165.300,202.900,3.800,4.000
165.400,202.650,3.400,3.850
165.500,202.300,3.000,3.800
165.400,201.950,3.000,3.800
165.300,201.600,3.000,3.800
165.200,201.250,3.000,3.800
165.100,200.900,3.000,3.800
165.000,200.550,3.000,3.800
164.900,200.200,3.000,3.800
164.800,199.850,3.000,3.800
164.700,199.500,3.000,3.800
164.600,199.150,3.000,3.800
164.500,198.800,3.000,3.800
164.450,198.350,3.000,3.800
164.400,197.900,3.000,3.800
164.350,197.450,3.000,3.800
164.300,197.000,3.000,3.800
164.250,196.550,3.000,3.800
164.200,196.100,3.000,3.800
164.150,195.650,3.000,3.800
164.100,195.200,3.000,3.800
164.050,194.750,3.000,3.800
164.000,194.300,3.000,3.800
163.700,194.030,3.800,3.670
163.690,193.660,3.600,3.680
163.670,193.290,3.400,3.690
163.660,192.920,3.200,3.690
163.650,192.450,3.000,3.800
163.580,192.080,3.000,3.800
163.510,191.710,3.000,3.800
163.440,191.340,3.000,3.800
163.370,190.970,3.000,3.800
163.300,190.600,3.000,3.800
163.230,190.230,3.000,3.800
163.160,189.860,3.000,3.800
163.090,189.490,3.000,3.800
163.020,189.120,3.000,3.800
162.950,188.750,3.000,3.800
162.880,188.380,3.000,3.800
162.810,188.010,3.000,3.800
162.740,187.640,3.000,3.800
162.670,187.270,3.000,3.800
162.600,186.900,3.000,3.800
162.540,186.490,3.000,3.800
162.480,186.080,3.000,3.800
162.420,185.670,3.000,3.800
162.360,185.260,3.000,3.800
162.300,184.850,3.000,3.800
162.240,184.440,3.000,3.800
162.180,184.030,3.000,3.800
162.120,183.620,3.000,3.800
162.060,183.210,3.000,3.800
162.000,182.800,3.000,3.800
161.700,182.200,3.700,3.800
161.670,181.740,3.620,3.790
161.630,181.290,3.550,3.780
161.600,180.830,3.470,3.770
161.570,180.380,3.380,3.750
161.530,179.920,3.310,3.750
161.500,179.470,3.230,3.730
161.470,179.010,3.150,3.720
161.430,178.530,3.080,3.740
161.400,178.000,3.000,3.800
161.200,177.750,3.100,3.740
161.000,177.400,3.200,3.780
160.920,177.100,3.180,3.770
160.850,176.800,3.150,3.760
160.770,176.500,3.130,3.750
160.700,176.200,3.100,3.740
160.620,175.900,3.080,3.730
160.550,175.600,3.050,3.720
160.470,175.300,3.030,3.710
160.400,174.900,3.000,3.800
160.350,174.460,3.000,3.800
160.310,174.020,3.000,3.800
160.260,173.580,3.000,3.800
160.220,173.140,3.000,3.800
160.170,172.700,3.000,3.800
160.130,172.260,3.000,3.800
160.080,171.820,3.000,3.800
160.040,171.380,3.000,3.800
159.990,170.940,3.000,3.800
159.950,170.500,3.000,3.800
159.900,170.060,3.000,3.800
159.860,169.620,3.000,3.800
159.810,169.180,3.000,3.800
159.770,168.740,3.000,3.800
159.720,168.300,3.000,3.800
159.680,167.860,3.000,3.800
159.630,167.420,3.000,3.800
159.590,166.980,3.000,3.800
159.540,166.540,3.000,3.800
159.500,166.100,3.000,3.800
159.450,165.740,3.000,3.800
159.400,165.380,3.000,3.800
159.350,165.020,3.000,3.800
159.300,164.660,3.000,3.800
159.250,164.300,3.000,3.800
159.200,163.940,3.000,3.800
159.150,163.580,3.000,3.800
159.100,163.220,3.000,3.800
159.050,162.860,3.000,3.800
159.000,162.500,3.000,3.800
158.890,161.960,3.000,3.800
158.780,161.420,3.000,3.800
158.670,160.880,3.000,3.800
158.560,160.340,3.000,3.800
158.450,159.800,3.000,3.800
158.340,159.260,3.000,3.800
158.230,158.720,3.000,3.800
158.120,158.180,3.000,3.800
158.010,157.640,3.000,3.800
157.900,157.100,3.000,3.800
157.890,156.820,3.000,3.800
157.880,156.540,3.000,3.800
157.870,156.260,3.000,3.800
157.860,155.980,3.000,3.800
157.850,155.700,3.000,3.800
157.840,155.420,3.000,3.800
157.830,155.140,3.000,3.800
157.820,154.860,3.000,3.800
157.810,154.580,3.000,3.800
157.800,154.300,3.000,3.800
157.750,153.910,3.000,3.800
157.710,153.520,3.000,3.800
157.650,153.160,3.010,3.770
157.590,152.800,3.030,3.740
157.530,152.440,3.050,3.710
157.480,152.060,3.050,3.710
157.420,151.680,3.070,3.700
157.360,151.290,3.080,3.700
157.300,150.900,3.100,3.700
