185.980,221.820,4.610,4.180
185.940,221.800,4.610,4.170
185.890,221.770,4.610,4.180
185.850,221.750,4.610,4.170
185.800,221.720,4.610,4.180
185.760,221.700,4.610,4.170
185.710,221.670,4.610,4.180
185.670,221.650,4.610,4.170
185.620,221.620,4.610,4.180
185.580,221.600,4.610,4.170
185.530,221.570,4.610,4.180
185.490,221.550,4.610,4.170
185.440,221.520,4.610,4.180
185.400,221.500,4.610,4.170
185.350,221.470,4.610,4.180
185.310,221.450,4.610,4.170
185.260,221.420,4.610,4.180
185.220,221.400,4.610,4.170
185.170,221.370,4.610,4.180
185.130,221.350,4.610,4.170
185.080,221.320,4.610,4.180
184.970,221.290,4.610,4.180
184.860,221.260,4.610,4.180
184.750,221.230,4.610,4.180
184.640,221.200,4.610,4.180
184.530,221.170,4.610,4.180
184.420,221.140,4.610,4.180
184.310,221.110,4.610,4.180
184.200,221.080,4.610,4.180
184.090,221.050,4.610,4.180
183.980,221.020,4.610,4.180
183.840,220.950,4.610,4.180
183.700,220.880,4.610,4.180
183.560,220.810,4.610,4.180
183.420,220.740,4.610,4.180
183.280,220.670,4.610,4.180
183.140,220.600,4.610,4.180
183.000,220.530,4.610,4.180
182.860,220.460,4.610,4.180
182.720,220.390,4.610,4.180
182.580,220.320,4.610,4.180
182.480,220.300,4.610,4.180
182.380,220.280,4.610,4.180
182.280,220.260,4.610,4.180
182.180,220.240,4.610,4.180
182.080,220.220,4.610,4.180
181.980,220.200,4.610,4.180
181.880,220.180,4.610,4.180
181.780,220.160,4.610,4.180
181.680,220.140,4.610,4.180
181.580,220.120,4.610,4.180
181.500,220.090,4.610,4.180
181.420,220.060,4.610,4.180
181.340,220.030,4.610,4.180
181.260,220.000,4.610,4.180
181.180,219.970,4.610,4.180
181.100,219.940,4.610,4.180
181.020,219.910,4.610,4.180
180.940,219.880,4.610,4.180
180.860,219.850,4.610,4.180
180.780,219.820,4.610,4.180
180.700,219.780,4.610,4.180
180.620,219.740,4.610,4.180
180.540,219.700,4.610,4.180
180.460,219.660,4.610,4.180
180.380,219.620,4.610,4.180
180.300,219.580,4.610,4.180
180.220,219.540,4.610,4.180
180.140,219.500,4.610,4.180
180.060,219.460,4.610,4.180
179.980,219.420,4.610,4.180
179.850,219.360,4.600,4.180
179.710,219.300,4.600,4.180
179.570,219.240,4.600,4.180
179.430,219.180,4.600,4.180
179.290,219.120,4.600,4.180
179.150,219.060,4.600,4.180
179.010,219.000,4.600,4.180
178.870,218.940,4.600,4.180
178.730,218.880,4.600,4.180
178.590,218.820,4.600,4.180
178.440,218.750,4.600,4.180
178.290,218.680,4.600,4.180
178.140,218.610,4.600,4.180
177.990,218.540,4.600,4.180
177.840,218.470,4.600,4.180
177.690,218.400,4.600,4.180
177.540,218.330,4.600,4.180
177.390,218.260,4.600,4.180
177.240,218.190,4.600,4.180
177.090,218.120,4.600,4.180
177.010,218.060,4.600,4.180
176.930,218.000,4.600,4.180
176.850,217.940,4.600,4.180
176.770,217.880,4.600,4.180
176.690,217.820,4.600,4.180
176.610,217.760,4.600,4.180
176.530,217.700,4.600,4.180
176.440,217.640,4.610,4.180
176.360,217.580,4.610,4.180
176.280,217.520,4.610,4.180
176.120,217.440,4.610,4.180
175.960,217.360,4.610,4.180
175.800,217.280,4.610,4.180
175.640,217.200,4.610,4.180
175.480,217.120,4.610,4.180
175.330,217.040,4.600,4.180
175.170,216.960,4.600,4.180
175.010,216.880,4.600,4.180
174.850,216.800,4.600,4.180
174.690,216.720,4.600,4.180
174.600,216.620,4.570,4.200
174.510,216.520,4.540,4.220
174.420,216.420,4.520,4.240
174.330,216.310,4.490,4.270
174.240,216.210,4.460,4.290
174.150,216.110,4.430,4.310
174.070,216.010,4.390,4.330
173.980,215.900,4.360,4.360
173.890,215.800,4.330,4.380
173.800,215.700,4.300,4.400
173.700,215.620,4.300,4.400
173.600,215.540,4.300,4.400
173.500,215.460,4.300,4.400
173.400,215.380,4.300,4.400
173.300,215.300,4.300,4.400
173.200,215.220,4.300,4.400
173.100,215.140,4.300,4.400
173.000,215.060,4.300,4.400
172.900,214.980,4.300,4.400
172.800,214.900,4.300,4.400
172.690,214.760,4.300,4.400
172.580,214.620,4.300,4.400
172.470,214.480,4.300,4.400
172.360,214.340,4.300,4.400
172.250,214.200,4.300,4.400
172.140,214.060,4.300,4.400
172.030,213.920,4.300,4.400
171.920,213.780,4.300,4.400
171.810,213.640,4.300,4.400
171.700,213.500,4.300,4.400
171.620,213.410,4.300,4.400
171.540,213.320,4.300,4.400
171.460,213.230,4.300,4.400
171.380,213.140,4.300,4.400
171.300,213.050,4.300,4.400
171.220,212.960,4.300,4.400
171.140,212.870,4.300,4.400
171.060,212.780,4.300,4.400
170.980,212.690,4.300,4.400
170.900,212.600,4.300,4.400
170.860,212.520,4.210,4.320
170.820,212.440,4.120,4.240
170.780,212.360,4.030,4.160
170.740,212.280,3.940,4.080
170.700,212.200,3.850,4.000
170.660,212.120,3.760,3.920
170.620,212.040,3.670,3.840
170.580,211.960,3.580,3.760
170.540,211.880,3.490,3.680
170.500,211.800,3.400,3.600
170.440,211.660,3.380,3.560
170.380,211.520,3.360,3.520
170.320,211.380,3.340,3.480
170.260,211.240,3.320,3.440
170.200,211.100,3.300,3.400
170.140,210.960,3.280,3.360
170.080,210.820,3.260,3.320
170.020,210.680,3.240,3.280
169.960,210.540,3.220,3.240
169.900,210.400,3.200,3.200
169.860,210.250,3.200,3.200
169.820,210.100,3.200,3.200
169.780,209.950,3.200,3.200
169.740,209.800,3.200,3.200
169.700,209.650,3.200,3.200
169.660,209.500,3.200,3.200
169.620,209.350,3.200,3.200
169.580,209.200,3.200,3.200
169.540,209.050,3.200,3.200
169.500,208.900,3.200,3.200
169.470,208.710,3.200,3.200
169.440,208.520,3.200,3.200
169.410,208.330,3.200,3.200
169.380,208.140,3.200,3.200
169.350,207.950,3.200,3.200
169.320,207.760,3.200,3.200
169.290,207.570,3.200,3.200
169.260,207.380,3.200,3.200
169.230,207.190,3.200,3.200
169.200,207.000,3.200,3.200
169.180,206.810,3.200,3.200
169.160,206.620,3.200,3.200
169.140,206.430,3.200,3.200
169.120,206.240,3.200,3.200
169.100,206.050,3.200,3.200
169.080,205.860,3.200,3.200
169.060,205.670,3.200,3.200
169.040,205.480,3.200,3.200
169.020,205.290,3.200,3.200
169.000,205.100,3.200,3.200
169.010,204.930,3.200,3.200
169.020,204.760,3.200,3.200
169.030,204.590,3.200,3.200
169.040,204.420,3.200,3.200
169.050,204.250,3.200,3.200
169.060,204.080,3.200,3.200
169.070,203.910,3.200,3.200
169.080,203.740,3.200,3.200
169.090,203.570,3.200,3.200
169.100,203.400,3.200,3.200
169.050,203.240,3.200,3.200
169.000,203.080,3.200,3.200
168.950,202.920,3.200,3.200
168.900,202.760,3.200,3.200
168.850,202.600,3.200,3.200
168.800,202.440,3.200,3.200
168.750,202.280,3.200,3.200
168.700,202.120,3.200,3.200
168.650,201.960,3.200,3.200
168.600,201.800,3.200,3.200
168.580,201.590,3.200,3.200
168.560,201.380,3.200,3.200
168.540,201.170,3.200,3.200
168.520,200.960,3.200,3.200
168.500,200.750,3.200,3.200
168.480,200.540,3.200,3.200
168.460,200.330,3.200,3.200
168.440,200.120,3.200,3.200
168.420,199.910,3.200,3.200
168.400,199.700,3.200,3.200
168.440,199.610,3.200,3.200
168.480,199.520,3.200,3.200
168.520,199.430,3.200,3.200
168.560,199.340,3.200,3.200
168.600,199.250,3.200,3.200
168.640,199.160,3.200,3.200
168.680,199.070,3.200,3.200
168.720,198.980,3.200,3.200
168.760,198.890,3.200,3.200
168.800,198.800,3.200,3.200
168.810,198.600,3.200,3.200
168.820,198.400,3.200,3.200
168.830,198.200,3.200,3.200
168.840,198.000,3.200,3.200
168.850,197.800,3.200,3.200
168.860,197.600,3.200,3.200
168.870,197.400,3.200,3.200
168.880,197.200,3.200,3.200
168.890,197.000,3.200,3.200
168.900,196.800,3.200,3.200
168.910,196.610,3.200,3.200
168.920,196.420,3.200,3.200
168.930,196.230,3.200,3.200
168.940,196.040,3.200,3.200
168.950,195.850,3.200,3.200
168.960,195.660,3.200,3.200
168.970,195.470,3.200,3.200
168.980,195.280,3.200,3.200
168.990,195.090,3.200,3.200
169.000,194.900,3.200,3.200
169.020,194.720,3.200,3.200
169.040,194.540,3.200,3.200
169.060,194.360,3.200,3.200
169.080,194.180,3.200,3.200
169.100,194.000,3.200,3.200
169.120,193.820,3.200,3.200
169.140,193.640,3.200,3.200
169.160,193.460,3.200,3.200
169.180,193.280,3.200,3.200
169.200,193.100,3.200,3.200
169.170,192.940,3.200,3.200
169.140,192.780,3.200,3.200
169.110,192.620,3.200,3.200
169.080,192.460,3.200,3.200
169.050,192.300,3.200,3.200
169.020,192.140,3.200,3.200
168.990,191.980,3.200,3.200
168.960,191.820,3.200,3.200
168.930,191.660,3.200,3.200
168.900,191.500,3.200,3.200
168.900,191.320,3.200,3.200
168.900,191.140,3.200,3.200
168.900,190.960,3.200,3.200
168.900,190.780,3.200,3.200
168.900,190.600,3.200,3.200
168.900,190.420,3.200,3.200
168.900,190.240,3.200,3.200
168.900,190.060,3.200,3.200
168.900,189.880,3.200,3.200
168.900,189.700,3.200,3.200
168.910,189.530,3.200,3.200
168.920,189.360,3.200,3.200
168.930,189.190,3.200,3.200
168.940,189.020,3.200,3.200
168.950,188.850,3.200,3.200
168.960,188.680,3.200,3.200
168.970,188.510,3.200,3.200
168.980,188.340,3.200,3.200
168.990,188.170,3.200,3.200
169.000,188.000,3.200,3.200
168.960,187.820,3.200,3.200
168.920,187.640,3.200,3.200
168.880,187.460,3.200,3.200
168.840,187.280,3.200,3.200
168.800,187.100,3.200,3.200
168.760,186.920,3.200,3.200
168.720,186.740,3.200,3.200
168.680,186.560,3.200,3.200
168.640,186.380,3.200,3.200
168.600,186.200,3.200,3.200
168.530,186.000,3.200,3.200
168.460,185.800,3.200,3.200
168.390,185.600,3.200,3.200
168.320,185.400,3.200,3.200
168.250,185.200,3.200,3.200
168.180,185.000,3.200,3.200
168.110,184.800,3.200,3.200
168.040,184.600,3.200,3.200
167.970,184.400,3.200,3.200
167.900,184.200,3.200,3.200
167.860,184.050,3.200,3.200
167.820,183.900,3.200,3.200
167.780,183.750,3.200,3.200
167.740,183.600,3.200,3.200
167.700,183.450,3.200,3.200
167.660,183.300,3.200,3.200
167.620,183.150,3.200,3.200
167.580,183.000,3.200,3.200
167.540,182.850,3.200,3.200
167.500,182.700,3.200,3.200
167.400,182.490,3.200,3.200
167.300,182.280,3.200,3.200
167.200,182.070,3.200,3.200
167.100,181.860,3.200,3.200
167.000,181.650,3.200,3.200
166.900,181.440,3.200,3.200
166.800,181.230,3.200,3.200
166.700,181.020,3.200,3.200
166.600,180.810,3.200,3.200
166.500,180.600,3.200,3.200
166.480,180.390,3.200,3.200
166.460,180.180,3.200,3.200
166.440,179.970,3.200,3.200
166.420,179.760,3.200,3.200
166.400,179.550,3.200,3.200
166.380,179.340,3.200,3.200
166.360,179.130,3.200,3.200
166.340,178.920,3.200,3.200
166.320,178.710,3.200,3.200
166.300,178.500,3.200,3.200
166.160,178.310,3.200,3.200
166.020,178.120,3.200,3.200
165.880,177.930,3.200,3.200
165.740,177.740,3.200,3.200
165.600,177.550,3.200,3.200
165.460,177.360,3.200,3.200
165.320,177.170,3.200,3.200
165.180,176.980,3.200,3.200
165.040,176.790,3.200,3.200
164.900,176.600,3.200,3.200
164.790,176.410,3.200,3.200
164.680,176.220,3.200,3.200
164.570,176.030,3.200,3.200
164.460,175.840,3.200,3.200
164.350,175.650,3.200,3.200
164.240,175.460,3.200,3.200
164.130,175.270,3.200,3.200
164.020,175.080,3.200,3.200
163.910,174.890,3.200,3.200
163.800,174.700,3.200,3.200
163.670,174.520,3.200,3.200
163.540,174.340,3.200,3.200
163.410,174.160,3.200,3.200
163.280,173.980,3.200,3.200
163.150,173.800,3.200,3.200
163.020,173.620,3.200,3.200
162.890,173.440,3.200,3.200
162.760,173.260,3.200,3.200
162.630,173.080,3.200,3.200
162.500,172.900,3.200,3.200
162.390,172.630,3.200,3.200
162.280,172.360,3.200,3.200
162.170,172.090,3.200,3.200
162.060,171.820,3.200,3.200
161.950,171.550,3.200,3.200
161.840,171.280,3.200,3.200
161.730,171.010,3.200,3.200
161.620,170.740,3.200,3.200
161.510,170.470,3.200,3.200
161.400,170.200,3.200,3.200
161.310,170.070,3.200,3.200
161.220,169.940,3.200,3.200
161.130,169.810,3.200,3.200
161.040,169.680,3.200,3.200
160.950,169.550,3.200,3.200
160.860,169.420,3.200,3.200
160.770,169.290,3.200,3.200
160.680,169.160,3.200,3.200
160.590,169.030,3.200,3.200
160.500,168.900,3.200,3.200
160.370,168.640,3.200,3.200
160.240,168.380,3.200,3.200
160.110,168.120,3.200,3.200
159.980,167.860,3.200,3.200
159.850,167.600,3.200,3.200
159.720,167.340,3.200,3.200
159.590,167.080,3.200,3.200
159.460,166.820,3.200,3.200
159.330,166.560,3.200,3.200
159.200,166.300,3.200,3.200
159.050,166.110,3.200,3.200
158.900,165.920,3.200,3.200
158.750,165.730,3.200,3.200
158.600,165.540,3.200,3.200
158.450,165.350,3.200,3.200
158.300,165.160,3.200,3.200
158.150,164.970,3.200,3.200
158.000,164.780,3.200,3.200
157.850,164.590,3.200,3.200
157.700,164.400,3.200,3.200
157.580,164.140,3.200,3.200
157.460,163.880,3.200,3.200
157.340,163.620,3.200,3.200
157.220,163.360,3.200,3.200
157.100,163.100,3.200,3.200
156.980,162.840,3.200,3.200
156.860,162.580,3.200,3.200
156.740,162.320,3.200,3.200
156.620,162.060,3.200,3.200
156.500,161.800,3.200,3.200
156.390,161.580,3.200,3.200
156.270,161.370,3.200,3.200
156.160,161.150,3.200,3.200
156.050,160.930,3.200,3.200
155.940,160.710,3.200,3.200
155.820,160.500,3.200,3.200
155.710,160.280,3.200,3.200
155.600,160.060,3.200,3.200
155.490,159.840,3.200,3.200
155.380,159.630,3.190,3.200
155.260,159.410,3.200,3.200
155.150,159.190,3.200,3.200
155.040,158.970,3.200,3.200
154.920,158.760,3.200,3.200
154.810,158.540,3.200,3.200
154.700,158.320,3.200,3.200
154.590,158.100,3.200,3.200
154.470,157.890,3.200,3.200
154.360,157.670,3.200,3.200
154.250,157.450,3.200,3.200
154.140,157.230,3.200,3.200
154.020,157.020,3.200,3.200
153.910,156.800,3.200,3.200
153.800,156.580,3.200,3.200
153.690,156.360,3.200,3.200
153.570,156.150,3.200,3.200
153.460,155.930,3.200,3.200
153.350,155.710,3.200,3.200
153.240,155.490,3.200,3.200
153.120,155.280,3.200,3.200
153.010,155.060,3.200,3.200
152.900,154.840,3.200,3.200
152.790,154.620,3.200,3.200
152.670,154.410,3.200,3.200
152.560,154.190,3.200,3.200
152.450,153.970,3.200,3.200
152.340,153.750,3.200,3.200
152.220,153.540,3.200,3.200
152.110,153.320,3.200,3.200
152.000,153.100,3.200,3.200
151.920,152.940,3.200,3.200
151.840,152.770,3.200,3.200
151.760,152.610,3.200,3.200
151.680,152.450,3.200,3.200
151.610,152.280,3.190,3.200
151.530,152.120,3.200,3.200
151.450,151.960,3.200,3.200
151.370,151.800,3.200,3.200
151.290,151.630,3.200,3.200
151.210,151.470,3.200,3.200
151.130,151.310,3.200,3.200
151.050,151.140,3.200,3.200
150.970,150.980,3.200,3.200
150.890,150.820,3.200,3.200
150.820,150.650,3.200,3.200
150.740,150.490,3.200,3.200
150.660,150.330,3.200,3.200
150.580,150.160,3.200,3.200
150.500,150.000,3.200,3.200
