150.860,47.400,5.040,4.910
150.970,47.500,5.060,4.930
151.070,47.600,5.100,4.950
151.180,47.710,5.120,4.960
151.290,47.810,5.140,4.980
151.400,47.910,5.170,5.010
151.500,48.010,5.200,5.030
151.610,48.110,5.220,5.050
151.720,48.220,5.240,5.060
151.820,48.320,5.280,5.080
151.930,48.420,5.300,5.100
152.040,48.550,5.300,5.100
152.150,48.680,5.300,5.100
152.260,48.810,5.300,5.100
152.370,48.940,5.300,5.100
152.480,49.070,5.300,5.100
152.590,49.200,5.300,5.100
152.700,49.330,5.300,5.100
152.810,49.460,5.300,5.100
152.920,49.590,5.300,5.100
153.030,49.720,5.300,5.100
153.150,49.840,5.300,5.100
153.270,49.960,5.300,5.100
153.390,50.080,5.300,5.100
153.510,50.200,5.300,5.100
153.630,50.320,5.300,5.100
153.750,50.440,5.300,5.100
153.870,50.560,5.300,5.100
153.990,50.680,5.300,5.100
154.110,50.800,5.300,5.100
154.230,50.920,5.300,5.100
154.300,50.980,5.310,5.100
154.380,51.040,5.300,5.100
154.450,51.100,5.310,5.100
154.530,51.160,5.300,5.100
154.600,51.220,5.310,5.100
154.680,51.280,5.300,5.100
154.750,51.340,5.310,5.100
154.830,51.400,5.300,5.100
154.900,51.460,5.310,5.100
154.980,51.520,5.300,5.100
155.050,51.580,5.310,5.100
155.130,51.640,5.300,5.100
155.200,51.700,5.310,5.100
155.280,51.760,5.300,5.100
155.350,51.820,5.310,5.100
155.430,51.880,5.300,5.100
155.500,51.940,5.310,5.100
155.580,52.000,5.300,5.100
155.650,52.060,5.310,5.100
155.730,52.120,5.300,5.100
155.740,52.160,5.300,5.100
155.750,52.200,5.300,5.100
155.760,52.240,5.300,5.100
155.770,52.280,5.300,5.100
155.780,52.320,5.300,5.100
155.790,52.360,5.300,5.100
155.800,52.400,5.300,5.100
155.810,52.440,5.300,5.100
155.820,52.480,5.300,5.100
155.830,52.520,5.300,5.100
156.120,52.710,5.070,4.990
156.410,52.910,4.840,4.870
156.700,53.100,4.610,4.760
156.660,53.130,4.710,4.810
156.620,53.160,4.810,4.860
156.580,53.190,4.910,4.910
156.550,53.230,5.000,4.950
156.510,53.260,5.100,5.000
156.470,53.290,5.200,5.050
156.430,53.320,5.300,5.100
156.600,53.440,5.170,5.020
156.770,53.560,5.040,4.940
156.930,53.680,4.920,4.860
157.100,53.800,4.790,4.780
157.060,53.790,4.870,4.830
157.010,53.770,4.960,4.890
156.970,53.760,5.040,4.940
156.920,53.750,5.130,4.990
156.880,53.730,5.210,5.050
156.830,53.720,5.300,5.100
156.890,53.770,5.300,5.100
156.950,53.820,5.300,5.100
157.010,53.870,5.300,5.100
157.070,53.920,5.300,5.100
157.130,53.970,5.300,5.100
157.190,54.020,5.300,5.100
157.250,54.070,5.300,5.100
157.310,54.120,5.300,5.100
157.370,54.170,5.300,5.100
157.430,54.220,5.300,5.100
157.390,54.510,5.300,4.800
157.350,54.800,5.300,4.500
157.380,54.790,5.230,4.500
157.410,54.780,5.160,4.500
157.440,54.760,5.090,4.510
157.470,54.750,5.020,4.510
157.510,54.740,4.940,4.510
157.540,54.730,4.870,4.510
157.570,54.710,4.800,4.520
157.600,54.700,4.730,4.520
157.590,54.710,4.730,4.530
157.580,54.720,4.740,4.530
157.570,54.740,4.740,4.530
157.560,54.750,4.750,4.540
157.550,54.760,4.750,4.540
157.540,54.770,4.750,4.550
157.540,54.790,4.750,4.540
157.530,54.800,4.750,4.550
157.520,54.810,4.760,4.560
157.510,54.820,4.760,4.560
157.500,54.840,4.760,4.560
157.490,54.850,4.770,4.560
157.480,54.860,4.770,4.570
157.470,54.870,4.780,4.570
157.460,54.890,4.780,4.570
157.450,54.900,4.780,4.580
157.440,54.910,4.790,4.580
157.430,54.920,4.790,4.590
157.420,54.940,4.800,4.580
157.420,54.950,4.790,4.590
157.410,54.960,4.800,4.600
157.400,54.970,4.800,4.600
157.390,54.990,4.800,4.600
157.380,55.000,4.810,4.600
157.370,55.010,4.810,4.610
157.360,55.020,4.820,4.620
157.350,55.040,4.820,4.610
157.340,55.050,4.820,4.620
157.330,55.060,4.830,4.620
157.320,55.070,4.830,4.630
157.310,55.090,4.840,4.620
157.300,55.100,4.840,4.630
157.290,55.110,4.840,4.640
157.290,55.120,4.840,4.640
157.280,55.140,4.840,4.640
157.270,55.150,4.850,4.640
157.260,55.160,4.850,4.650
157.250,55.170,4.860,4.660
157.240,55.190,4.860,4.650
157.230,55.200,4.860,4.660
157.220,55.210,4.870,4.660
157.210,55.220,4.870,4.670
157.200,55.240,4.880,4.670
157.190,55.250,4.880,4.670
157.180,55.260,4.880,4.680
157.170,55.270,4.890,4.680
157.170,55.290,4.880,4.680
157.160,55.300,4.890,4.680
157.150,55.310,4.890,4.690
157.140,55.320,4.890,4.700
157.130,55.340,4.900,4.690
157.120,55.350,4.900,4.700
157.110,55.360,4.910,4.700
157.100,55.370,4.910,4.710
157.090,55.390,4.920,4.710
157.080,55.400,4.920,4.710
157.070,55.410,4.920,4.720
157.060,55.420,4.930,4.720
157.050,55.440,4.930,4.720
157.050,55.450,4.930,4.730
157.040,55.460,4.930,4.730
157.030,55.470,4.930,4.740
157.020,55.490,4.940,4.730
157.010,55.500,4.940,4.740
157.000,55.510,4.950,4.740
156.990,55.520,4.950,4.750
156.980,55.540,4.950,4.750
156.970,55.550,4.960,4.750
156.960,55.560,4.960,4.760
156.950,55.570,4.970,4.760
156.940,55.590,4.970,4.760
156.930,55.600,4.980,4.770
156.930,55.610,4.970,4.770
156.920,55.620,4.970,4.780
156.910,55.640,4.980,4.770
156.900,55.650,4.980,4.780
156.890,55.660,4.990,4.790
156.880,55.670,4.990,4.790
156.870,55.690,4.990,4.790
156.860,55.700,5.000,4.790
156.850,55.710,5.000,4.800
156.840,55.720,5.010,4.800
156.830,55.740,5.010,4.800
156.820,55.750,5.010,4.810
156.810,55.760,5.020,4.810
156.810,55.770,5.010,4.820
156.800,55.790,5.020,4.810
156.790,55.800,5.020,4.820
156.780,55.810,5.030,4.830
156.770,55.820,5.030,4.830
156.760,55.840,5.030,4.830
156.750,55.850,5.040,4.830
156.740,55.860,5.040,4.840
156.730,55.870,5.050,4.850
156.720,55.890,5.050,4.840
156.710,55.900,5.050,4.850
156.700,55.910,5.060,4.850
156.690,55.920,5.060,4.860
156.680,55.940,5.070,4.850
156.680,55.950,5.060,4.860
156.670,55.960,5.060,4.870
156.660,55.970,5.070,4.870
156.650,55.990,5.070,4.870
156.640,56.000,5.080,4.870
156.630,56.010,5.080,4.880
156.620,56.020,5.090,4.890
156.610,56.040,5.090,4.880
156.600,56.050,5.090,4.890
156.590,56.060,5.100,4.890
156.580,56.070,5.100,4.900
156.570,56.090,5.110,4.900
156.560,56.100,5.110,4.900
156.560,56.110,5.100,4.910
156.550,56.120,5.110,4.910
156.540,56.140,5.110,4.910
156.530,56.150,5.120,4.910
156.520,56.160,5.120,4.920
156.510,56.170,5.120,4.930
156.500,56.190,5.130,4.920
156.490,56.200,5.130,4.930
156.480,56.210,5.140,4.930
156.470,56.220,5.140,4.940
156.460,56.240,5.150,4.940
156.450,56.250,5.150,4.940
156.440,56.260,5.150,4.950
156.440,56.270,5.150,4.950
156.430,56.290,5.150,4.950
156.420,56.300,5.160,4.960
156.410,56.310,5.160,4.960
156.400,56.320,5.160,4.970
156.390,56.340,5.170,4.960
156.380,56.350,5.170,4.970
156.370,56.360,5.180,4.970
156.360,56.370,5.180,4.980
156.350,56.390,5.180,4.980
156.340,56.400,5.190,4.980
156.330,56.410,5.190,4.990
156.320,56.420,5.200,4.990
156.320,56.440,5.190,4.990
156.310,56.450,5.200,5.000
156.300,56.460,5.200,5.000
156.290,56.470,5.200,5.010
156.280,56.490,5.210,5.000
156.270,56.500,5.210,5.010
156.260,56.510,5.220,5.020
156.250,56.520,5.220,5.020
156.240,56.540,5.220,5.020
156.230,56.550,5.230,5.020
156.220,56.560,5.230,5.030
156.210,56.570,5.240,5.030
156.200,56.590,5.240,5.030
156.200,56.600,5.230,5.040
156.190,56.610,5.240,5.040
156.180,56.620,5.240,5.050
156.170,56.640,5.250,5.040
156.160,56.650,5.250,5.050
156.150,56.660,5.260,5.060
156.140,56.670,5.260,5.060
156.130,56.690,5.260,5.060
156.120,56.700,5.270,5.060
156.110,56.710,5.270,5.070
156.100,56.720,5.280,5.080
156.090,56.730,5.280,5.080
156.080,56.750,5.280,5.080
156.070,56.760,5.290,5.080
156.070,56.770,5.280,5.090
156.060,56.780,5.290,5.090
156.050,56.800,5.290,5.090
156.040,56.810,5.290,5.100
156.030,56.820,5.300,5.100
156.070,56.830,5.270,5.070
156.110,56.830,5.240,5.040
156.150,56.830,5.210,5.010
156.190,56.840,5.180,4.970
156.230,56.840,5.150,4.950
156.270,56.850,5.120,4.910
156.310,56.850,5.090,4.880
156.350,56.860,5.060,4.850
156.390,56.860,5.030,4.820
156.430,56.860,5.000,4.790
156.480,56.870,4.960,4.760
156.520,56.870,4.930,4.730
156.560,56.880,4.910,4.690
156.600,56.880,4.880,4.670
156.640,56.880,4.850,4.640
156.680,56.890,4.820,4.600
156.720,56.890,4.790,4.580
156.760,56.900,4.760,4.540
156.800,56.900,4.730,4.510
156.790,56.910,4.740,4.520
156.780,56.920,4.740,4.530
156.770,56.930,4.750,4.540
156.760,56.950,4.760,4.540
156.750,56.960,4.770,4.550
156.740,56.970,4.770,4.550
156.730,56.980,4.780,4.560
156.720,56.990,4.790,4.570
156.710,57.000,4.800,4.580
156.700,57.010,4.800,4.590
156.700,57.030,4.800,4.590
156.690,57.040,4.810,4.600
156.680,57.050,4.820,4.600
156.670,57.060,4.820,4.610
156.660,57.070,4.830,4.620
156.650,57.080,4.840,4.630
156.640,57.090,4.850,4.640
156.630,57.100,4.850,4.650
156.620,57.120,4.860,4.650
156.610,57.130,4.870,4.660
156.600,57.140,4.880,4.660
156.590,57.150,4.880,4.670
156.580,57.160,4.890,4.680
156.570,57.170,4.900,4.690
156.560,57.180,4.910,4.700
156.550,57.200,4.910,4.700
156.540,57.210,4.920,4.710
156.530,57.220,4.930,4.710
156.520,57.230,4.940,4.720
156.510,57.240,4.940,4.730
156.500,57.250,4.950,4.740
156.500,57.260,4.950,4.750
156.490,57.280,4.960,4.750
156.480,57.290,4.960,4.760
156.470,57.300,4.970,4.760
156.460,57.310,4.980,4.770
156.450,57.320,4.990,4.780
156.440,57.330,4.990,4.790
156.430,57.340,5.000,4.800
156.420,57.360,5.010,4.800
156.410,57.370,5.020,4.810
156.400,57.380,5.030,4.820
156.390,57.390,5.030,4.820
156.380,57.400,5.040,4.830
156.370,57.410,5.050,4.840
156.360,57.420,5.060,4.850
156.350,57.440,5.060,4.850
156.340,57.450,5.070,4.860
156.330,57.460,5.080,4.870
156.320,57.470,5.090,4.870
156.310,57.480,5.090,4.880
156.300,57.490,5.100,4.890
156.300,57.500,5.100,4.900
156.290,57.510,5.110,4.910
156.280,57.530,5.110,4.910
156.270,57.540,5.120,4.920
156.260,57.550,5.130,4.920
156.250,57.560,5.140,4.930
156.240,57.570,5.140,4.940
156.230,57.580,5.150,4.950
156.220,57.590,5.160,4.960
156.210,57.610,5.170,4.960
156.200,57.620,5.170,4.970
156.190,57.630,5.180,4.980
156.180,57.640,5.190,4.980
156.170,57.650,5.200,4.990
156.160,57.660,5.200,5.000
156.150,57.670,5.210,5.010
156.140,57.690,5.220,5.010
156.130,57.700,5.230,5.020
156.120,57.710,5.230,5.030
156.110,57.720,5.240,5.030
156.100,57.730,5.250,5.040
156.100,57.740,5.250,5.050
156.090,57.750,5.250,5.060
156.080,57.770,5.260,5.060
156.070,57.780,5.270,5.070
156.060,57.790,5.280,5.080
156.050,57.800,5.280,5.090
156.040,57.810,5.290,5.090
156.030,57.820,5.300,5.100
155.990,57.840,5.300,5.100
155.950,57.860,5.300,5.100
155.910,57.880,5.300,5.100
155.870,57.900,5.300,5.100
155.830,57.920,5.300,5.100
155.790,57.940,5.300,5.100
155.750,57.960,5.300,5.100
155.710,57.980,5.300,5.100
155.670,58.000,5.300,5.100
155.630,58.020,5.300,5.100
155.630,58.020,5.300,5.100
155.630,58.020,5.300,5.100
155.630,58.020,5.300,5.100
155.630,58.020,5.300,5.100
155.630,58.020,5.300,5.100
155.630,58.020,5.300,5.100
155.630,58.020,5.300,5.100
155.630,58.020,5.300,5.100
155.630,58.020,5.300,5.100
155.630,58.020,5.300,5.100
155.630,58.020,5.300,5.100
155.630,58.020,5.300,5.100
155.630,58.020,5.300,5.100
155.630,58.020,5.300,5.100
155.630,58.020,5.300,5.100
155.630,58.020,5.300,5.100
155.630,58.020,5.300,5.100
155.630,58.020,5.300,5.100
155.630,58.020,5.300,5.100
155.630,58.020,5.300,5.100
155.630,58.020,5.300,5.100
155.630,58.020,5.300,5.100
155.630,58.020,5.300,5.100
155.630,58.020,5.300,5.100
155.630,58.020,5.300,5.100
155.630,58.020,5.300,5.100
155.630,58.020,5.300,5.100
155.630,58.020,5.300,5.100
155.630,58.020,5.300,5.100
155.630,58.020,5.300,5.100
155.630,58.020,5.300,5.100
155.630,58.020,5.300,5.100
155.630,58.020,5.300,5.100
155.630,58.020,5.300,5.100
155.630,58.020,5.300,5.100
155.630,58.020,5.300,5.100
155.630,58.020,5.300,5.100
155.630,58.020,5.300,5.100
155.630,58.020,5.300,5.100
155.630,58.020,5.300,5.100
155.630,58.020,5.300,5.100
155.630,58.020,5.300,5.100
155.630,58.020,5.300,5.100
155.630,58.020,5.300,5.100
155.630,58.020,5.300,5.100
155.630,58.020,5.300,5.100
155.630,58.020,5.300,5.100
155.630,58.020,5.300,5.100
155.630,58.020,5.300,5.100
155.630,58.020,5.300,5.100
155.630,58.020,5.300,5.100
155.630,58.020,5.300,5.100
155.630,58.020,5.300,5.100
155.630,58.020,5.300,5.100
155.630,58.020,5.300,5.100
155.630,58.020,5.300,5.100
155.630,58.020,5.300,5.100
155.630,58.020,5.300,5.100
155.630,58.020,5.300,5.100
155.630,58.020,5.300,5.100
155.630,58.020,5.300,5.100
155.630,58.020,5.300,5.100
155.630,58.020,5.300,5.100
155.630,58.020,5.300,5.100
155.630,58.020,5.300,5.100
155.630,58.020,5.300,5.100
155.630,58.020,5.300,5.100
155.630,58.020,5.300,5.100
155.630,58.020,5.300,5.100
155.630,58.020,5.300,5.100
155.630,58.020,5.300,5.100
155.630,58.020,5.300,5.100
155.630,58.020,5.300,5.100
155.630,58.020,5.300,5.100
155.630,58.020,5.300,5.100
155.630,58.020,5.300,5.100
155.630,58.020,5.300,5.100
155.630,58.020,5.300,5.100
155.630,58.020,5.300,5.100
155.630,58.020,5.300,5.100
155.670,58.050,5.300,5.100
155.710,58.080,5.300,5.100
155.750,58.110,5.300,5.100
155.790,58.130,5.300,5.100
155.840,58.160,5.300,5.100
155.880,58.190,5.300,5.100
155.920,58.220,5.300,5.100
155.960,58.240,5.300,5.100
156.000,58.270,5.300,5.100
156.040,58.300,5.300,5.100
156.080,58.330,5.300,5.100
156.120,58.350,5.300,5.100
156.170,58.380,5.300,5.100
156.210,58.410,5.300,5.100
156.250,58.440,5.300,5.100
156.290,58.460,5.300,5.100
156.330,58.490,5.300,5.100
156.370,58.520,5.300,5.100
156.410,58.550,5.300,5.100
156.460,58.570,5.300,5.100
156.500,58.600,5.300,5.100
156.540,58.630,5.300,5.100
156.580,58.660,5.300,5.100
156.620,58.680,5.300,5.100
156.660,58.710,5.300,5.100
156.700,58.740,5.300,5.100
156.740,58.770,5.310,5.100
156.790,58.790,5.300,5.100
156.830,58.820,5.300,5.100
