135.000,188.600,3.800,3.700
134.890,188.400,3.820,3.710
134.780,188.200,3.840,3.720
134.670,188.000,3.860,3.730
134.560,187.800,3.880,3.740
134.450,187.600,3.900,3.750
134.340,187.400,3.920,3.760
134.230,187.200,3.940,3.770
134.120,187.000,3.960,3.780
134.010,186.800,3.980,3.790
133.900,186.600,4.000,3.800
133.820,186.440,4.000,3.800
133.740,186.280,4.000,3.800
133.660,186.120,4.000,3.800
133.580,185.960,4.000,3.800
133.500,185.800,4.000,3.800
133.420,185.640,4.000,3.800
133.340,185.480,4.000,3.800
133.260,185.320,4.000,3.800
133.180,185.160,4.000,3.800
133.100,185.000,4.000,3.800
133.000,184.850,4.000,3.800
132.900,184.700,4.000,3.800
132.800,184.550,4.000,3.800
132.700,184.400,4.000,3.800
132.600,184.250,4.000,3.800
132.500,184.100,4.000,3.800
132.400,183.950,4.000,3.800
132.300,183.800,4.000,3.800
132.200,183.650,4.000,3.800
132.100,183.500,4.000,3.800
131.990,183.300,4.000,3.800
131.880,183.100,4.000,3.800
131.770,182.900,4.000,3.800
131.660,182.700,4.000,3.800
131.550,182.500,4.000,3.800
131.440,182.300,4.000,3.800
131.330,182.100,4.000,3.800
131.220,181.900,4.000,3.800
131.110,181.700,4.000,3.800
131.000,181.500,4.000,3.800
130.910,181.280,4.000,3.800
130.820,181.060,4.000,3.800
130.730,180.840,4.000,3.800
130.640,180.620,4.000,3.800
130.550,180.400,4.000,3.800
130.460,180.180,4.000,3.800
130.370,179.960,4.000,3.800
130.280,179.740,4.000,3.800
130.190,179.520,4.000,3.800
130.100,179.300,4.000,3.800
130.020,179.160,4.000,3.800
129.940,179.020,4.000,3.800
129.860,178.880,4.000,3.800
129.780,178.740,4.000,3.800
129.700,178.600,4.000,3.800
129.620,178.460,4.000,3.800
129.540,178.320,4.000,3.800
129.460,178.180,4.000,3.800
129.380,178.040,4.000,3.800
129.300,177.900,4.000,3.800
129.240,177.760,4.000,3.800
129.180,177.620,4.000,3.800
129.120,177.480,4.000,3.800
129.060,177.340,4.000,3.800
129.000,177.200,4.000,3.800
128.940,177.060,4.000,3.800
128.880,176.920,4.000,3.800
128.820,176.780,4.000,3.800
128.760,176.640,4.000,3.800
128.700,176.500,4.000,3.800
128.620,176.300,4.000,3.800
128.540,176.100,4.000,3.800
128.460,175.900,4.000,3.800
128.380,175.700,4.000,3.800
128.300,175.500,4.000,3.800
128.220,175.300,4.000,3.800
128.140,175.100,4.000,3.800
128.060,174.900,4.000,3.800
127.980,174.700,4.000,3.800
127.900,174.500,4.000,3.800
127.820,174.330,4.000,3.800
127.740,174.160,4.000,3.800
127.660,173.990,4.000,3.800
127.580,173.820,4.000,3.800
127.500,173.650,4.000,3.800
127.420,173.480,4.000,3.800
127.340,173.310,4.000,3.800
127.260,173.140,4.000,3.800
127.180,172.970,4.000,3.800
127.100,172.800,4.000,3.800
127.010,172.700,4.000,3.800
126.920,172.600,4.000,3.800
126.830,172.500,4.000,3.800
126.740,172.400,4.000,3.800
126.650,172.300,4.000,3.800
126.560,172.200,4.000,3.800
126.470,172.100,4.000,3.800
126.380,172.000,4.000,3.800
126.290,171.900,4.000,3.800
126.200,171.800,4.000,3.800
126.140,171.670,4.000,3.800
126.080,171.540,4.000,3.800
126.020,171.410,4.000,3.800
125.960,171.280,4.000,3.800
125.900,171.150,4.000,3.800
125.840,171.020,4.000,3.800
125.780,170.890,4.000,3.800
125.720,170.760,4.000,3.800
125.660,170.630,4.000,3.800
125.600,170.500,4.000,3.800
125.510,170.360,4.000,3.800
125.420,170.220,4.000,3.800
125.330,170.080,4.000,3.800
125.240,169.940,4.000,3.800
125.150,169.800,4.000,3.800
125.060,169.660,4.000,3.800
124.970,169.520,4.000,3.800
124.880,169.380,4.000,3.800
124.790,169.240,4.000,3.800
124.700,169.100,4.000,3.800
124.590,168.990,4.000,3.800
124.480,168.880,4.000,3.800
124.370,168.770,4.000,3.800
124.260,168.660,4.000,3.800
124.150,168.550,4.000,3.800
124.040,168.440,4.000,3.800
123.930,168.330,4.000,3.800
123.820,168.220,4.000,3.800
123.710,168.110,4.000,3.800
123.600,168.000,4.000,3.800
123.560,167.900,4.000,3.800
123.520,167.800,4.000,3.800
123.480,167.700,4.000,3.800
123.440,167.600,4.000,3.800
123.400,167.500,4.000,3.800
123.360,167.400,4.000,3.800
123.320,167.300,4.000,3.800
123.280,167.200,4.000,3.800
123.240,167.100,4.000,3.800
123.200,167.000,4.000,3.800
123.150,166.870,4.000,3.800
123.100,166.740,4.000,3.800
123.050,166.610,4.000,3.800
123.000,166.480,4.000,3.800
122.950,166.350,4.000,3.800
122.900,166.220,4.000,3.800
122.850,166.090,4.000,3.800
122.800,165.960,4.000,3.800
122.750,165.830,4.000,3.800
122.700,165.700,4.000,3.800
122.640,165.590,4.000,3.800
122.580,165.480,4.000,3.800
122.520,165.370,4.000,3.800
122.460,165.260,4.000,3.800
122.400,165.150,4.000,3.800
122.340,165.040,4.000,3.800
122.280,164.930,4.000,3.800
122.220,164.820,4.000,3.800
122.160,164.710,4.000,3.800
122.100,164.600,4.000,3.800
122.080,164.490,4.000,3.800
122.060,164.380,4.000,3.800
122.040,164.270,4.000,3.800
122.020,164.160,4.000,3.800
122.000,164.050,4.000,3.800
121.980,163.940,4.000,3.800
121.960,163.830,4.000,3.800
121.940,163.720,4.000,3.800
121.920,163.610,4.000,3.800
121.900,163.500,4.000,3.800
121.860,163.420,4.000,3.800
121.820,163.350,4.000,3.800
121.780,163.270,4.000,3.800
121.740,163.190,4.000,3.800
121.700,163.120,4.000,3.800
121.660,163.040,4.000,3.800
121.620,162.960,4.000,3.800
121.580,162.890,4.000,3.800
121.540,162.810,4.000,3.800
121.500,162.730,4.000,3.800
121.460,162.660,4.000,3.800
121.420,162.580,4.000,3.800
121.380,162.500,4.000,3.800
121.340,162.430,4.000,3.800
121.300,162.350,4.000,3.800
121.260,162.270,4.000,3.800
121.220,162.200,4.000,3.800
121.180,162.120,4.000,3.800
121.140,162.040,4.000,3.800
121.100,161.970,4.000,3.800
121.060,161.890,4.000,3.800
121.020,161.810,4.000,3.800
120.980,161.740,4.000,3.800
120.940,161.660,4.000,3.800
120.900,161.580,4.000,3.800
120.860,161.510,4.000,3.800
120.820,161.430,4.000,3.800
120.780,161.350,4.000,3.800
120.740,161.280,4.000,3.800
120.700,161.200,4.000,3.800
120.650,161.130,4.000,3.800
120.600,161.050,4.000,3.800
120.550,160.980,4.000,3.800
120.500,160.910,4.000,3.800
120.450,160.830,4.000,3.800
120.400,160.760,4.000,3.800
120.350,160.690,4.000,3.800
120.300,160.610,4.000,3.800
120.250,160.540,4.000,3.800
120.200,160.470,4.000,3.800
120.150,160.390,4.000,3.800
120.100,160.320,4.000,3.800
120.050,160.250,4.000,3.800
120.000,160.170,4.000,3.800
119.950,160.100,4.000,3.800
119.900,160.030,4.000,3.800
119.850,159.950,4.000,3.800
119.800,159.880,4.000,3.800
119.750,159.810,4.000,3.800
119.700,159.730,4.000,3.800
119.650,159.660,4.000,3.800
119.600,159.590,4.000,3.800
119.550,159.510,4.000,3.800
119.500,159.440,4.000,3.800
119.450,159.370,4.000,3.800
119.400,159.290,4.000,3.800
119.350,159.220,4.000,3.800
119.300,159.150,4.000,3.800
119.250,159.070,4.000,3.800
119.200,159.000,4.000,3.800
119.160,158.980,4.000,3.800
119.130,158.960,4.000,3.800
119.090,158.930,4.010,3.800
119.060,158.910,4.000,3.800
119.030,158.890,4.000,3.800
118.990,158.870,4.000,3.800
118.960,158.850,4.000,3.800
118.930,158.820,4.000,3.800
118.890,158.800,4.000,3.800
118.860,158.780,4.000,3.800
118.820,158.760,4.000,3.800
118.790,158.740,4.000,3.800
118.760,158.710,4.000,3.800
118.720,158.690,4.000,3.800
118.690,158.670,4.000,3.800
118.650,158.650,4.000,3.800
118.620,158.630,4.000,3.800
118.590,158.600,4.000,3.800
118.550,158.580,4.000,3.800
118.520,158.560,4.000,3.800
118.480,158.540,4.000,3.800
118.450,158.520,4.000,3.800
118.420,158.500,4.000,3.790
118.380,158.470,4.000,3.800
118.350,158.450,4.000,3.800
118.310,158.430,4.000,3.800
118.280,158.410,4.000,3.800
118.250,158.390,4.000,3.790
118.210,158.360,4.000,3.800
118.180,158.340,4.000,3.800
118.140,158.320,4.000,3.800
118.110,158.300,4.000,3.800
118.080,158.280,4.000,3.790
118.040,158.250,4.000,3.800
118.010,158.230,4.000,3.800
117.970,158.210,4.000,3.800
117.940,158.190,4.000,3.800
117.910,158.170,4.000,3.790
117.870,158.140,4.000,3.800
117.840,158.120,4.000,3.800
117.800,158.100,4.000,3.800
117.770,158.080,4.000,3.800
117.740,158.060,4.000,3.790
117.700,158.030,4.000,3.800
117.670,158.010,4.000,3.800
117.630,157.990,4.010,3.800
117.600,157.970,4.000,3.800
117.570,157.950,4.000,3.790
117.530,157.920,4.000,3.800
117.500,157.900,4.000,3.800
117.480,157.900,4.010,3.800
117.470,157.900,4.000,3.800
117.460,157.900,4.000,3.790
117.440,157.890,4.000,3.800
117.430,157.890,4.000,3.800
117.410,157.890,4.010,3.800
117.400,157.890,4.000,3.800
117.390,157.890,4.000,3.790
117.370,157.880,4.000,3.800
117.360,157.880,4.000,3.800
117.340,157.880,4.010,3.800
117.330,157.880,4.000,3.800
117.320,157.880,4.000,3.800
117.300,157.870,4.000,3.800
117.290,157.870,4.000,3.800
117.270,157.870,4.010,3.800
117.260,157.870,4.000,3.800
117.250,157.870,4.000,3.800
117.230,157.860,4.000,3.800
117.220,157.860,4.000,3.800
117.200,157.860,4.010,3.800
117.190,157.860,4.000,3.800
117.180,157.860,4.000,3.800
117.160,157.850,4.000,3.800
117.150,157.850,4.000,3.800
117.130,157.850,4.010,3.800
117.120,157.850,4.000,3.800
117.110,157.850,4.000,3.800
117.090,157.840,4.000,3.800
117.080,157.840,4.000,3.800
117.060,157.840,4.010,3.800
117.050,157.840,4.000,3.800
117.040,157.840,4.000,3.800
117.020,157.830,4.000,3.800
117.010,157.830,4.000,3.800
116.990,157.830,4.010,3.800
116.980,157.830,4.000,3.800
116.970,157.830,4.000,3.800
116.950,157.820,4.000,3.800
116.940,157.820,4.000,3.800
116.950,157.820,4.000,3.790
116.960,157.810,4.000,3.800
116.970,157.800,4.000,3.800
116.980,157.790,4.000,3.800
116.990,157.790,4.000,3.800
117.000,157.780,4.010,3.800
117.020,157.770,4.000,3.800
117.030,157.770,4.000,3.800
117.040,157.760,4.000,3.800
117.050,157.750,4.000,3.800
117.060,157.750,4.000,3.790
117.070,157.740,4.000,3.800
117.080,157.730,4.000,3.800
117.090,157.720,4.000,3.800
117.100,157.720,4.000,3.800
117.110,157.710,4.010,3.800
117.116,157.704,4.010,3.800
117.122,157.698,4.010,3.800
117.128,157.692,4.010,3.800
117.134,157.686,4.010,3.800
117.140,157.680,4.010,3.800
117.146,157.674,4.010,3.800
117.152,157.668,4.010,3.800
117.158,157.662,4.010,3.800
117.164,157.656,4.010,3.800
117.170,157.650,4.010,3.800
117.176,157.644,4.010,3.800
117.182,157.638,4.010,3.800
117.188,157.632,4.010,3.800
117.194,157.626,4.010,3.800
117.200,157.620,4.010,3.800
117.206,157.614,4.010,3.800
117.211,157.609,4.010,3.800
117.217,157.603,4.010,3.800
117.223,157.597,4.010,3.800
117.220,157.587,4.010,3.800
117.217,157.578,4.010,3.800
117.214,157.569,4.010,3.800
117.211,157.559,4.010,3.800
117.208,157.550,4.010,3.800
117.205,157.541,4.010,3.800
117.202,157.531,4.010,3.800
117.199,157.522,4.010,3.800
117.195,157.513,4.010,3.800
117.192,157.503,4.010,3.800
117.189,157.494,4.010,3.800
117.186,157.485,4.010,3.800
117.183,157.475,4.010,3.800
117.180,157.466,4.010,3.800
117.177,157.457,4.010,3.800
117.174,157.447,4.010,3.800
117.171,157.438,4.010,3.800
117.167,157.429,4.010,3.800
117.164,157.419,4.010,3.800
117.161,157.410,4.010,3.800
117.158,157.401,4.010,3.800
117.155,157.391,4.010,3.800
117.006,157.565,4.010,3.800
116.857,157.740,4.010,3.800
116.707,157.914,4.010,3.800
116.682,157.872,4.010,3.800
116.658,157.831,4.010,3.800
116.633,157.789,4.010,3.800
116.608,157.748,4.010,3.800
116.583,157.706,4.010,3.800
116.558,157.665,4.010,3.800
116.533,157.624,4.010,3.800
116.508,157.582,4.010,3.800
116.483,157.541,4.010,3.800
116.460,157.484,4.010,3.800
116.436,157.427,4.010,3.800
116.412,157.370,4.010,3.800
116.388,157.314,4.010,3.800
116.364,157.257,4.010,3.800
116.340,157.200,4.010,3.800
116.316,157.144,4.010,3.800
116.292,157.087,4.010,3.800
116.268,157.030,4.010,3.800
116.245,156.973,4.010,3.800
116.221,156.917,4.010,3.800
116.197,156.860,4.010,3.800
116.173,156.803,4.010,3.800
116.149,156.747,4.010,3.800
116.125,156.690,4.010,3.800
116.101,156.633,4.010,3.800
116.077,156.576,4.010,3.800
116.054,156.520,4.010,3.800
116.030,156.463,4.010,3.800
116.006,156.406,4.010,3.800
115.982,156.350,4.010,3.800
115.958,156.293,4.010,3.800
115.934,156.236,4.010,3.800
115.910,156.179,4.010,3.800
115.886,156.123,4.010,3.800
115.861,156.058,4.010,3.800
115.835,155.993,4.010,3.800
115.810,155.928,4.010,3.800
115.784,155.863,4.010,3.800
115.759,155.799,4.010,3.800
115.733,155.734,4.010,3.800
115.708,155.669,4.010,3.800
115.682,155.604,4.010,3.800
115.657,155.539,4.010,3.800
115.631,155.475,4.010,3.800
115.606,155.410,4.010,3.800
115.580,155.345,4.010,3.800
115.554,155.280,4.010,3.800
115.529,155.215,4.010,3.800
115.503,155.151,4.010,3.800
115.478,155.086,4.010,3.800
115.452,155.021,4.010,3.800
115.427,154.956,4.010,3.800
115.401,154.891,4.010,3.800
115.376,154.827,4.010,3.800
115.350,154.762,4.010,3.800
115.325,154.697,4.010,3.800
115.299,154.632,4.010,3.800
115.274,154.567,4.010,3.800
115.248,154.502,4.010,3.800
115.223,154.438,4.010,3.800
115.197,154.373,4.010,3.800
115.172,154.308,4.010,3.800
115.146,154.243,4.010,3.800
115.120,154.178,4.010,3.800
115.095,154.114,4.010,3.800
115.069,154.049,4.010,3.800
115.044,153.984,4.010,3.800
115.018,153.919,4.010,3.800
114.993,153.854,4.010,3.800
114.967,153.790,4.010,3.800
114.942,153.725,4.010,3.800
114.916,153.660,4.010,3.800
114.858,153.547,4.010,3.800
114.800,153.433,4.010,3.800
114.742,153.320,4.010,3.800
114.684,153.207,4.010,3.800
114.626,153.093,4.010,3.800
114.568,152.980,4.010,3.800
114.510,152.867,4.010,3.800
114.452,152.753,4.010,3.800
114.394,152.640,4.010,3.800
114.336,152.527,4.010,3.800
114.278,152.413,4.010,3.800
114.220,152.300,4.010,3.800
114.162,152.187,4.010,3.800
114.104,152.073,4.010,3.800
114.046,151.960,4.010,3.800
113.988,151.847,4.010,3.800
113.929,151.734,4.010,3.800
113.871,151.620,4.010,3.800
113.813,151.507,4.010,3.800
113.755,151.394,4.010,3.800
113.697,151.280,4.010,3.800
113.639,151.167,4.010,3.800
113.581,151.054,4.010,3.800
113.523,150.940,4.010,3.800
113.465,150.827,4.010,3.800
113.407,150.714,4.010,3.800
113.349,150.600,4.010,3.800
113.349,150.421,4.010,3.800
113.349,150.242,4.010,3.800
113.349,150.063,4.010,3.800
113.349,149.884,4.010,3.800
113.349,149.705,4.010,3.800
113.409,149.585,4.010,3.800
113.468,149.466,4.010,3.800
113.528,149.347,4.010,3.800
113.588,149.227,4.010,3.800
113.648,149.108,4.010,3.800
