150.650,150.340,12.480,6.360
150.940,150.370,12.420,6.330
151.220,150.410,12.360,6.290
151.510,150.440,12.300,6.260
151.800,150.480,12.240,6.230
152.090,150.520,12.180,6.190
152.380,150.550,12.120,6.160
152.670,150.590,12.060,6.130
152.950,150.620,12.000,6.100
153.240,150.660,11.940,6.060
153.530,150.690,11.880,6.030
153.820,150.730,11.820,6.000
154.110,150.770,11.760,5.960
154.390,150.800,11.700,5.930
154.680,150.840,11.640,5.890
154.970,150.870,11.580,5.870
155.260,150.910,11.520,5.830
155.550,150.950,11.460,5.790
155.840,150.980,11.400,5.770
156.120,151.020,11.340,5.730
156.410,151.050,11.280,5.700
156.700,151.090,11.220,5.660
156.990,151.130,11.160,5.630
157.280,151.160,11.100,5.600
157.570,151.200,11.040,5.560
157.850,151.230,10.980,5.530
158.140,151.270,10.920,5.500
158.430,151.310,10.860,5.460
158.720,151.340,10.800,5.430
159.010,151.380,10.740,5.400
159.290,151.410,10.680,5.370
159.580,151.450,10.620,5.330
159.870,151.480,10.560,5.300
160.160,151.520,10.500,5.270
160.450,151.560,10.440,5.230
160.740,151.590,10.380,5.200
161.020,151.630,10.320,5.160
161.310,151.660,10.260,5.140
161.600,151.700,10.200,5.100
161.840,151.730,10.200,5.100
162.080,151.760,10.200,5.100
162.320,151.790,10.200,5.100
162.560,151.830,10.200,5.100
162.800,151.860,10.200,5.100
163.040,151.890,10.200,5.100
163.280,151.920,10.200,5.100
163.520,151.950,10.200,5.100
163.760,151.980,10.200,5.100
164.000,152.020,10.200,5.100
164.240,152.050,10.200,5.100
164.480,152.080,10.200,5.100
164.720,152.110,10.200,5.100
164.960,152.140,10.200,5.100
165.200,152.170,10.200,5.100
165.440,152.200,10.200,5.100
165.680,152.240,10.200,5.100
165.920,152.270,10.200,5.100
166.160,152.300,10.200,5.100
166.400,152.330,10.200,5.100
166.640,152.360,10.200,5.100
166.880,152.390,10.200,5.100
167.120,152.430,10.200,5.100
167.360,152.460,10.200,5.100
167.600,152.490,10.200,5.100
167.840,152.520,10.200,5.100
168.080,152.550,10.200,5.100
168.320,152.580,10.200,5.100
168.560,152.620,10.200,5.100
168.800,152.650,10.200,5.100
169.040,152.680,10.200,5.100
169.280,152.710,10.200,5.100
169.520,152.740,10.200,5.100
169.760,152.770,10.200,5.100
170.000,152.800,10.200,5.100
170.240,152.840,10.200,5.100
170.480,152.870,10.200,5.100
170.720,152.900,10.200,5.100
170.930,152.950,10.200,5.100
171.150,152.990,10.200,5.100
171.360,153.040,10.200,5.100
171.580,153.090,10.200,5.100
171.790,153.140,10.200,5.100
172.010,153.180,10.200,5.100
172.220,153.230,10.200,5.100
172.440,153.280,10.200,5.100
172.650,153.330,10.200,5.100
172.870,153.370,10.200,5.100
173.080,153.420,10.200,5.100
173.300,153.470,10.200,5.100
173.510,153.520,10.200,5.100
173.730,153.560,10.200,5.100
173.940,153.610,10.200,5.100
174.150,153.660,10.200,5.100
174.370,153.700,10.200,5.100
174.580,153.750,10.200,5.100
174.800,153.800,10.200,5.100
175.010,153.850,10.200,5.100
175.230,153.890,10.200,5.100
175.440,153.940,10.200,5.100
175.660,153.990,10.200,5.100
175.870,154.040,10.200,5.100
176.090,154.080,10.200,5.100
176.300,154.130,10.200,5.100
176.520,154.180,10.200,5.100
176.730,154.230,10.200,5.100
176.950,154.270,10.200,5.100
177.160,154.320,10.200,5.100
177.380,154.370,10.200,5.100
177.590,154.420,10.200,5.100
177.810,154.460,10.200,5.100
178.020,154.510,10.200,5.100
178.240,154.560,10.200,5.100
178.450,154.610,10.200,5.100
178.660,154.650,10.200,5.100
178.880,154.700,10.200,5.100
179.160,154.720,10.200,5.100
179.440,154.740,10.200,5.100
179.720,154.760,10.200,5.100
179.990,154.780,10.200,5.100
180.270,154.810,10.200,5.100
180.550,154.830,10.200,5.100
180.830,154.850,10.200,5.100
181.110,154.870,10.200,5.100
181.390,154.890,10.200,5.100
181.670,154.910,10.200,5.100
181.950,154.930,10.200,5.100
182.230,154.950,10.200,5.100
182.500,154.980,10.200,5.100
182.780,155.000,10.200,5.100
183.060,155.020,10.200,5.100
183.340,155.040,10.200,5.100
183.620,155.060,10.200,5.100
183.900,155.080,10.200,5.100
184.180,155.100,10.200,5.100
184.460,155.120,10.200,5.100
184.730,155.150,10.200,5.100
185.010,155.170,10.200,5.100
185.290,155.190,10.200,5.100
185.570,155.210,10.200,5.100
185.850,155.230,10.200,5.100
186.130,155.250,10.200,5.100
186.410,155.270,10.200,5.100
186.690,155.290,10.200,5.100
186.970,155.310,10.200,5.100
187.240,155.340,10.200,5.100
187.520,155.360,10.200,5.100
187.800,155.380,10.200,5.100
188.080,155.400,10.200,5.100
188.360,155.420,10.200,5.100
188.640,155.450,10.200,5.100
188.910,155.480,10.200,5.100
189.190,155.510,10.200,5.100
189.470,155.540,10.200,5.100
189.750,155.570,10.200,5.100
190.020,155.590,10.200,5.100
190.300,155.620,10.200,5.100
190.580,155.650,10.200,5.100
190.860,155.680,10.200,5.100
191.130,155.710,10.200,5.100
191.410,155.740,10.200,5.100
191.690,155.770,10.200,5.100
191.960,155.800,10.200,5.100
192.240,155.830,10.200,5.100
192.520,155.860,10.200,5.100
192.800,155.880,10.200,5.100
193.070,155.910,10.200,5.100
193.350,155.940,10.200,5.100
193.630,155.970,10.200,5.100
193.910,156.000,10.200,5.100
194.180,156.030,10.200,5.100
194.460,156.060,10.200,5.100
194.740,156.090,10.200,5.100
195.010,156.120,10.200,5.100
195.290,156.140,10.200,5.100
195.570,156.170,10.200,5.100
195.850,156.200,10.200,5.100
196.120,156.230,10.200,5.100
196.400,156.260,10.200,5.100
196.710,156.290,10.200,5.100
197.020,156.320,10.200,5.100
197.320,156.360,10.200,5.100
197.630,156.390,10.200,5.100
197.940,156.420,10.200,5.100
198.250,156.450,10.200,5.100
198.560,156.480,10.200,5.100
198.860,156.520,10.200,5.100
199.170,156.550,10.200,5.100
199.480,156.580,10.200,5.100
199.790,156.610,10.200,5.100
200.100,156.640,10.200,5.100
200.400,156.680,10.200,5.100
200.710,156.710,10.200,5.100
201.020,156.740,10.200,5.100
201.330,156.770,10.200,5.100
201.640,156.800,10.200,5.100
201.940,156.840,10.200,5.100
202.250,156.870,10.200,5.100
202.560,156.900,10.200,5.100
202.870,156.930,10.200,5.100
203.180,156.960,10.200,5.100
203.480,157.000,10.200,5.100
203.790,157.030,10.200,5.100
204.100,157.060,10.200,5.100
204.410,157.090,10.200,5.100
204.720,157.120,10.200,5.100
205.030,157.160,10.190,5.100
205.330,157.190,10.200,5.100
205.640,157.220,10.200,5.100
205.970,157.260,10.200,5.100
206.290,157.290,10.200,5.100
206.620,157.330,10.200,5.100
206.940,157.370,10.200,5.100
207.270,157.410,10.200,5.100
207.600,157.440,10.200,5.100
207.920,157.480,10.200,5.100
208.250,157.520,10.200,5.100
208.570,157.550,10.200,5.100
208.900,157.590,10.200,5.100
209.220,157.630,10.200,5.100
209.550,157.670,10.200,5.100
209.880,157.700,10.200,5.100
210.200,157.740,10.200,5.100
210.530,157.780,10.200,5.100
210.850,157.820,10.200,5.100
211.180,157.850,10.200,5.100
211.500,157.890,10.200,5.100
211.830,157.930,10.200,5.100
212.160,157.960,10.200,5.100
212.480,158.000,10.200,5.100
212.810,158.040,10.200,5.100
213.130,158.080,10.200,5.100
213.460,158.110,10.200,5.100
213.780,158.150,10.200,5.100
214.110,158.190,10.200,5.100
214.440,158.220,10.200,5.100
214.760,158.260,10.200,5.100
215.090,158.300,10.200,5.100
215.410,158.340,10.200,5.100
215.740,158.370,10.200,5.100
216.060,158.410,10.200,5.100
216.390,158.450,10.200,5.100
216.720,158.480,10.200,5.100
217.040,158.520,10.200,5.100
217.370,158.560,10.200,5.100
217.690,158.600,10.200,5.100
218.020,158.630,10.200,5.100
218.340,158.670,10.200,5.100
218.670,158.710,10.200,5.100
218.990,158.740,10.200,5.100
219.320,158.780,10.200,5.100
219.680,158.820,10.200,5.100
220.040,158.860,10.200,5.100
220.400,158.900,10.200,5.100
220.760,158.950,10.200,5.100
221.120,158.990,10.200,5.100
221.480,159.030,10.200,5.100
221.840,159.070,10.200,5.100
222.200,159.110,10.200,5.100
222.560,159.150,10.200,5.100
222.920,159.190,10.200,5.100
223.280,159.230,10.200,5.100
223.640,159.270,10.200,5.100
224.000,159.320,10.200,5.100
224.360,159.360,10.200,5.100
224.720,159.400,10.200,5.100
225.080,159.440,10.200,5.100
225.440,159.480,10.200,5.100
225.800,159.520,10.200,5.100
226.160,159.560,10.200,5.100
226.520,159.600,10.200,5.100
226.880,159.650,10.200,5.100
227.240,159.690,10.200,5.100
227.600,159.730,10.200,5.100
227.960,159.770,10.200,5.100
228.320,159.810,10.200,5.100
228.680,159.850,10.200,5.100
229.040,159.890,10.200,5.100
229.400,159.930,10.200,5.100
229.760,159.970,10.200,5.100
230.120,160.020,10.200,5.100
230.480,160.060,10.200,5.100
230.840,160.100,10.200,5.100
231.200,160.140,10.200,5.100
231.560,160.180,10.200,5.100
231.920,160.220,10.200,5.100
232.260,160.270,10.200,5.100
232.610,160.320,10.200,5.100
232.950,160.370,10.200,5.100
233.300,160.420,10.200,5.100
233.640,160.460,10.200,5.100
233.980,160.510,10.200,5.100
234.330,160.560,10.200,5.100
234.670,160.610,10.200,5.100
235.010,160.660,10.200,5.100
235.360,160.710,10.200,5.100
235.700,160.760,10.200,5.100
236.050,160.810,10.200,5.100
236.390,160.850,10.200,5.100
236.730,160.900,10.200,5.100
237.080,160.950,10.200,5.100
237.420,161.000,10.200,5.100
237.760,161.050,10.200,5.100
238.110,161.100,10.200,5.100
238.450,161.150,10.200,5.100
238.800,161.190,10.200,5.100
239.140,161.240,10.200,5.100
239.480,161.290,10.200,5.100
239.830,161.340,10.200,5.100
240.170,161.390,10.200,5.100
240.510,161.440,10.200,5.100
240.860,161.490,10.200,5.100
241.200,161.540,10.200,5.100
241.550,161.580,10.200,5.100
241.890,161.630,10.200,5.100
242.230,161.680,10.200,5.100
242.580,161.730,10.200,5.100
242.920,161.780,10.200,5.100
243.260,161.830,10.200,5.100
243.610,161.880,10.200,5.100
243.950,161.920,10.200,5.100
244.300,161.970,10.200,5.100
244.640,162.020,10.200,5.100
244.950,162.080,10.200,5.100
245.270,162.130,10.200,5.100
245.580,162.180,10.200,5.100
245.900,162.240,10.200,5.100
246.210,162.290,10.200,5.100
246.530,162.350,10.200,5.100
246.840,162.400,10.200,5.100
247.160,162.450,10.200,5.100
247.470,162.510,10.200,5.100
247.790,162.560,10.200,5.100
248.100,162.620,10.200,5.100
248.420,162.670,10.200,5.100
248.730,162.720,10.200,5.100
249.050,162.780,10.200,5.100
249.360,162.830,10.200,5.100
249.680,162.890,10.200,5.100
249.990,162.940,10.200,5.100
250.310,162.990,10.200,5.100
250.620,163.050,10.200,5.100
250.940,163.100,10.200,5.100
251.250,163.160,10.200,5.100
251.570,163.210,10.200,5.100
251.880,163.260,10.200,5.100
252.200,163.320,10.200,5.100
252.510,163.370,10.200,5.100
252.830,163.430,10.200,5.100
253.140,163.480,10.200,5.100
253.460,163.530,10.200,5.100
253.770,163.590,10.200,5.100
254.090,163.640,10.200,5.100
254.400,163.700,10.200,5.100
254.720,163.750,10.200,5.100
255.030,163.800,10.200,5.100
255.350,163.860,10.200,5.100
255.660,163.910,10.200,5.100
255.980,163.970,10.200,5.100
256.290,164.020,10.200,5.100
256.610,164.070,10.200,5.100
256.920,164.130,10.200,5.100
257.240,164.180,10.200,5.100
257.480,164.210,10.200,5.100
257.720,164.230,10.200,5.100
257.970,164.250,10.200,5.100
258.210,164.280,10.200,5.100
258.450,164.300,10.200,5.100
258.690,164.320,10.200,5.100
258.930,164.350,10.200,5.100
259.180,164.370,10.200,5.100
259.420,164.390,10.200,5.100
259.660,164.420,10.200,5.100
259.900,164.440,10.200,5.100
260.140,164.470,10.200,5.100
260.390,164.490,10.200,5.100
260.630,164.510,10.200,5.100
260.870,164.540,10.200,5.100
261.110,164.560,10.200,5.100
261.360,164.580,10.200,5.100
261.600,164.610,10.200,5.100
261.840,164.630,10.200,5.100
262.080,164.650,10.200,5.100
262.320,164.680,10.200,5.100
262.570,164.700,10.200,5.100
262.810,164.730,10.200,5.100
263.050,164.750,10.200,5.100
263.290,164.770,10.200,5.100
263.530,164.800,10.200,5.100
263.780,164.820,10.200,5.100
264.020,164.840,10.200,5.100
264.260,164.870,10.200,5.100
264.500,164.890,10.200,5.100
264.750,164.910,10.200,5.100
264.990,164.940,10.200,5.100
265.230,164.960,10.200,5.100
265.470,164.980,10.200,5.100
265.710,165.010,10.200,5.100
265.960,165.030,10.200,5.100
266.200,165.060,10.200,5.100
266.440,165.080,10.200,5.100
266.680,165.100,10.200,5.100
266.920,165.130,10.200,5.100
267.170,165.150,10.200,5.100
267.410,165.170,10.200,5.100
267.650,165.200,10.200,5.100
267.890,165.220,10.200,5.100
268.140,165.240,10.200,5.100
268.380,165.270,10.200,5.100
268.620,165.290,10.200,5.100
268.860,165.310,10.200,5.100
269.100,165.340,10.200,5.100
269.350,165.360,10.200,5.100
269.590,165.390,10.200,5.100
269.830,165.410,10.200,5.100
270.070,165.430,10.200,5.100
270.310,165.460,10.200,5.100
270.560,165.480,10.200,5.100
270.800,165.500,10.200,5.100
271.070,165.520,10.180,5.100
271.330,165.530,10.180,5.100
271.600,165.550,10.160,5.100
271.870,165.560,10.140,5.100
272.140,165.570,10.130,5.100
272.410,165.590,10.110,5.100
272.670,165.600,10.110,5.100
272.940,165.610,10.090,5.100
273.210,165.630,10.070,5.100
273.480,165.640,10.060,5.100
273.740,165.660,10.050,5.100
274.010,165.670,10.040,5.100
274.280,165.680,10.020,5.100
274.550,165.700,10.000,5.100
274.810,165.710,10.000,5.100
275.080,165.730,9.980,5.100
275.350,165.740,9.960,5.100
275.620,165.750,9.950,5.100
275.890,165.770,9.930,5.100
276.150,165.780,9.930,5.100
276.420,165.790,9.910,5.100
276.690,165.810,9.890,5.100
276.960,165.820,9.880,5.100
277.220,165.840,9.870,5.100
277.490,165.850,9.860,5.100
277.760,165.860,9.840,5.100
278.030,165.880,9.820,5.100
278.290,165.890,9.820,5.100
278.560,165.910,9.800,5.100
278.830,165.920,9.790,5.100
279.100,165.930,9.770,5.100
279.370,165.950,9.750,5.100
279.630,165.960,9.750,5.100
279.900,165.970,9.730,5.100
280.170,165.990,9.710,5.100
280.440,166.000,9.700,5.100
280.700,166.020,9.690,5.100
280.970,166.030,9.680,5.100
281.240,166.040,9.660,5.100
281.510,166.060,9.640,5.100
281.770,166.070,9.640,5.100
282.040,166.090,9.620,5.100
282.310,166.100,9.610,5.100
282.580,166.110,9.590,5.100
282.850,166.130,9.570,5.100
283.110,166.140,9.570,5.100
283.380,166.150,9.550,5.100
283.650,166.170,9.530,5.100
283.920,166.180,9.520,5.100
284.180,166.200,9.510,5.100
284.450,166.210,9.500,5.100
284.720,166.220,9.480,5.100
285.050,166.250,9.480,5.100
285.390,166.280,9.480,5.100
285.720,166.300,9.480,5.100
286.050,166.330,9.480,5.100
286.390,166.360,9.480,5.100
286.720,166.380,9.480,5.100
287.050,166.410,9.480,5.100
287.390,166.430,9.480,5.100
287.720,166.460,9.480,5.100
288.050,166.490,9.490,5.100
288.390,166.510,9.480,5.100
288.720,166.540,9.480,5.100
289.060,166.570,9.480,5.100
289.390,166.590,9.480,5.100
289.720,166.620,9.480,5.100
290.060,166.650,9.480,5.100
290.390,166.670,9.480,5.100
290.720,166.700,9.480,5.100
291.060,166.730,9.480,5.100
291.390,166.750,9.480,5.100
291.720,166.780,9.480,5.100
292.060,166.800,9.480,5.100
292.390,166.830,9.480,5.100
292.720,166.860,9.490,5.100
293.060,166.880,9.480,5.100
293.390,166.910,9.480,5.100
293.730,166.940,9.480,5.100
294.060,166.960,9.480,5.100
294.390,166.990,9.480,5.100
294.730,167.020,9.480,5.100
295.060,167.040,9.480,5.100
295.390,167.070,9.480,5.100
295.730,167.100,9.480,5.100
296.060,167.120,9.480,5.100
296.390,167.150,9.480,5.100
296.730,167.180,9.480,5.100
297.060,167.200,9.480,5.100
297.390,167.230,9.490,5.100
297.730,167.250,9.480,5.100
298.060,167.280,9.480,5.100
298.390,167.310,9.490,5.100
298.730,167.330,9.480,5.100
299.060,167.360,9.480,5.100
299.400,167.390,9.480,5.100
299.730,167.410,9.480,5.100
300.060,167.440,9.480,5.100
300.400,167.470,9.480,5.100
300.730,167.490,9.480,5.100
301.060,167.520,9.480,5.100
301.400,167.550,9.480,5.100
301.730,167.570,9.480,5.100
302.060,167.600,9.480,5.100
302.400,167.620,9.480,5.100
302.730,167.650,9.480,5.100
303.060,167.680,9.490,5.100
303.400,167.700,9.480,5.100
303.730,167.730,9.480,5.100
304.070,167.760,9.480,5.100
304.400,167.780,9.480,5.100
304.720,167.830,9.480,5.100
305.030,167.870,9.480,5.100
305.350,167.920,9.480,5.100
305.670,167.960,9.480,5.100
305.990,168.010,9.480,5.100
306.300,168.060,9.480,5.100
306.620,168.100,9.480,5.100
306.940,168.150,9.480,5.100
307.250,168.190,9.490,5.100
307.570,168.240,9.480,5.100
307.890,168.280,9.480,5.100
308.210,168.330,9.480,5.100
308.520,168.370,9.480,5.100
308.840,168.420,9.480,5.100
309.160,168.460,9.480,5.100
309.480,168.510,9.480,5.100
309.790,168.550,9.480,5.100
310.110,168.600,9.480,5.100
310.430,168.640,9.480,5.100
310.750,168.690,9.480,5.100
311.060,168.740,9.480,5.100
311.380,168.780,9.480,5.100
311.700,168.830,9.480,5.100
312.010,168.870,9.490,5.100
312.330,168.920,9.480,5.100
312.650,168.960,9.480,5.100
312.970,169.010,9.480,5.100
313.280,169.050,9.480,5.100
313.600,169.100,9.480,5.100
313.920,169.140,9.480,5.100
314.240,169.190,9.480,5.100
314.550,169.230,9.480,5.100
314.870,169.280,9.480,5.100
315.190,169.320,9.480,5.100
315.500,169.370,9.490,5.100
315.820,169.420,9.480,5.100
316.140,169.460,9.480,5.100
316.460,169.510,9.480,5.100
316.770,169.550,9.490,5.100
317.090,169.600,9.480,5.100
317.410,169.640,9.480,5.100
317.730,169.690,9.480,5.100
318.040,169.730,9.480,5.100
318.360,169.780,9.480,5.100
318.680,169.820,9.480,5.100
318.920,169.870,9.480,5.100
319.170,169.910,9.480,5.100
319.410,169.960,9.480,5.100
319.650,170.000,9.480,5.100
319.900,170.040,9.480,5.100
320.140,170.090,9.480,5.100
320.380,170.130,9.480,5.100
320.630,170.180,9.480,5.100
320.870,170.220,9.480,5.100
321.110,170.260,9.480,5.100
321.360,170.310,9.480,5.100
321.600,170.350,9.480,5.100
321.840,170.400,9.480,5.100
322.090,170.440,9.480,5.100
322.330,170.480,9.480,5.100
322.570,170.530,9.490,5.100
322.820,170.570,9.480,5.100
323.060,170.620,9.480,5.100
323.310,170.660,9.480,5.100
323.550,170.710,9.480,5.100
323.790,170.750,9.480,5.100
324.040,170.790,9.480,5.100
324.280,170.840,9.480,5.100
324.520,170.880,9.480,5.100
324.770,170.930,9.480,5.100
325.010,170.970,9.480,5.100
325.250,171.010,9.480,5.100
325.500,171.060,9.480,5.100
325.740,171.100,9.480,5.100
325.980,171.150,9.490,5.100
326.230,171.190,9.480,5.100
326.470,171.230,9.480,5.100
326.710,171.280,9.490,5.100
326.960,171.320,9.480,5.100
327.200,171.370,9.480,5.100
327.450,171.410,9.480,5.100
327.690,171.460,9.480,5.100
327.930,171.500,9.480,5.100
328.180,171.540,9.480,5.100
328.420,171.590,9.480,5.100
328.660,171.630,9.480,5.100
328.910,171.680,9.480,5.100
329.150,171.720,9.480,5.100
329.390,171.760,9.480,5.100
329.640,171.810,9.480,5.100
329.880,171.850,9.480,5.100
330.120,171.900,9.490,5.100
330.370,171.940,9.480,5.100
330.610,171.980,9.480,5.100
330.850,172.030,9.490,5.100
331.100,172.070,9.480,5.100
331.340,172.120,9.480,5.100
331.590,172.160,9.480,5.100
331.830,172.210,9.480,5.100
332.070,172.250,9.480,5.100
332.320,172.290,9.480,5.100
332.560,172.340,9.480,5.100
332.800,172.380,9.480,5.100
333.050,172.430,9.480,5.100
333.290,172.470,9.480,5.100
333.530,172.510,9.480,5.100
333.780,172.560,9.480,5.100
334.020,172.600,9.480,5.100
334.260,172.650,9.490,5.100
334.510,172.690,9.480,5.100
334.750,172.730,9.480,5.100
335.000,172.780,9.480,5.100
335.240,172.820,9.480,5.100
335.430,172.860,9.490,5.100
335.630,172.890,9.480,5.100
335.830,172.930,9.480,5.100
336.020,172.960,9.480,5.100
336.220,173.000,9.480,5.100
336.420,173.030,9.480,5.100
336.610,173.070,9.480,5.100
336.810,173.100,9.480,5.100
337.000,173.130,9.480,5.100
337.200,173.170,9.480,5.100
337.400,173.200,9.480,5.100
337.590,173.240,9.480,5.100
337.790,173.270,9.480,5.100
337.980,173.310,9.490,5.100
338.180,173.340,9.480,5.100
338.380,173.380,9.480,5.100
338.570,173.410,9.480,5.100
338.770,173.450,9.480,5.100
338.970,173.480,9.480,5.100
339.160,173.520,9.480,5.100
339.360,173.550,9.480,5.100
339.550,173.580,9.480,5.100
339.750,173.620,9.480,5.100
339.950,173.650,9.480,5.100
340.140,173.690,9.480,5.100
340.340,173.720,9.480,5.100
340.530,173.760,9.490,5.100
340.730,173.790,9.480,5.100
340.930,173.830,9.480,5.100
341.120,173.860,9.480,5.100
341.320,173.900,9.480,5.100
341.520,173.930,9.480,5.100
341.710,173.970,9.480,5.100
341.910,174.000,9.480,5.100
342.100,174.030,9.480,5.100
342.300,174.070,9.480,5.100
342.500,174.100,9.480,5.100
342.690,174.140,9.480,5.100
342.890,174.170,9.480,5.100
343.080,174.210,9.490,5.100
343.280,174.240,9.480,5.100
343.480,174.280,9.480,5.100
343.670,174.310,9.480,5.100
343.870,174.350,9.480,5.100
344.060,174.380,9.490,5.100
344.260,174.420,9.480,5.100
344.460,174.450,9.480,5.100
344.650,174.480,9.480,5.100
344.850,174.520,9.480,5.100
345.050,174.550,9.480,5.100
345.240,174.590,9.480,5.100
345.440,174.620,9.480,5.100
345.660,174.650,9.480,5.100
345.890,174.690,9.480,5.100
346.110,174.720,9.480,5.100
346.340,174.750,9.480,5.100
346.560,174.780,9.480,5.100
346.790,174.820,9.480,5.100
347.010,174.850,9.480,5.100
347.240,174.880,9.480,5.100
347.460,174.910,9.480,5.100
347.690,174.940,9.480,5.100
347.910,174.980,9.480,5.100
348.140,175.010,9.480,5.100
348.360,175.040,9.480,5.100
348.590,175.070,9.480,5.100
348.810,175.100,9.480,5.100
349.040,175.140,9.480,5.100
349.260,175.170,9.480,5.100
349.490,175.200,9.480,5.100
349.710,175.230,9.480,5.100
349.940,175.270,9.480,5.100
350.160,175.300,9.480,5.100
350.390,175.330,9.480,5.100
350.610,175.360,9.480,5.100
350.840,175.390,9.480,5.100
351.060,175.430,9.480,5.100
351.290,175.460,9.480,5.100
351.510,175.490,9.480,5.100
351.740,175.520,9.480,5.100
351.960,175.550,9.480,5.100
352.190,175.590,9.480,5.100
352.410,175.620,9.480,5.100
352.640,175.650,9.480,5.100
352.860,175.680,9.480,5.100
353.090,175.720,9.480,5.100
353.310,175.750,9.480,5.100
353.540,175.780,9.480,5.100
353.760,175.810,9.480,5.100
353.990,175.840,9.480,5.100
354.210,175.880,9.480,5.100
354.440,175.910,9.480,5.100
354.660,175.940,9.480,5.100
354.890,175.970,9.480,5.100
355.110,176.000,9.480,5.100
355.340,176.040,9.480,5.100
355.560,176.070,9.480,5.100
355.790,176.100,9.480,5.100
356.010,176.130,9.480,5.100
356.240,176.170,9.480,5.100
356.460,176.200,9.480,5.100
356.690,176.230,9.480,5.100
356.910,176.260,9.480,5.100
357.140,176.290,9.480,5.100
357.360,176.330,9.480,5.100
357.590,176.360,9.480,5.100
357.810,176.390,9.480,5.100
358.040,176.420,9.480,5.100
