158.4,150.07,6.0,9.099999999999994
158.43,150.28,5.969999999999999,9.02000000000001
158.45,150.5,5.950000000000017,8.930000000000007
158.48,150.71,5.930000000000007,8.840000000000003
158.5,150.92,5.909999999999997,8.76000000000002
158.53,151.13,5.8799999999999955,8.670000000000016
158.55,151.34,5.859999999999985,8.590000000000003
158.58,151.55,5.829999999999984,8.509999999999991
158.6,151.76,5.819999999999993,8.420000000000016
158.63,151.98,5.789999999999992,8.330000000000013
158.65,152.19,5.769999999999982,8.25
158.68,152.4,5.739999999999981,8.159999999999997
158.7,152.61,5.719999999999999,8.079999999999984
158.73,152.82,5.700000000000017,8.0
158.75,153.03,5.680000000000007,7.9199999999999875
158.78,153.24,5.650000000000006,7.849999999999994
158.8,153.45,5.6299999999999955,7.780000000000001
158.83,153.67,5.599999999999994,7.710000000000008
158.85,153.88,5.590000000000003,7.640000000000015
158.88,154.09,5.560000000000002,7.569999999999993
158.9,154.3,5.539999999999992,7.5
158.91,154.46,5.539999999999992,7.469999999999999
158.91,154.61,5.539999999999992,7.439999999999998
158.92,154.77,5.5400000000000205,7.439999999999998
158.93,154.92,5.539999999999992,7.460000000000008
158.94,155.08,5.539999999999992,7.469999999999999
158.94,155.23,5.539999999999992,7.490000000000009
158.950,155.390,5.540,7.500
158.960,155.540,5.540,7.520
158.960,155.700,5.540,7.530
158.970,155.850,5.540,7.550
158.980,156.010,5.540,7.560
158.980,156.160,5.550,7.580
158.990,156.320,5.540,7.590
159.000,156.470,5.540,7.610
159.010,156.630,5.540,7.620
159.010,156.780,5.540,7.640
159.020,156.940,5.540,7.650
159.030,157.090,5.540,7.670
159.030,157.250,5.540,7.680
159.040,157.400,5.540,7.700
159.050,157.560,5.540,7.690
159.050,157.710,5.550,7.700
159.060,157.870,5.540,7.690
159.070,158.020,5.540,7.700
159.080,158.180,5.540,7.690
159.080,158.330,5.540,7.700
159.090,158.490,5.540,7.690
159.100,158.640,5.540,7.700
159.100,158.800,5.540,7.690
159.110,158.950,5.540,7.700
159.120,159.110,5.540,7.690
159.130,159.260,5.540,7.700
159.130,159.420,5.540,7.690
159.140,159.570,5.540,7.700
159.150,159.730,5.540,7.690
159.150,159.880,5.540,7.700
159.160,160.040,5.540,7.690
159.170,160.190,5.540,7.700
159.170,160.350,5.540,7.690
159.180,160.500,5.540,7.700
159.200,160.670,5.560,7.700
159.220,160.840,5.570,7.710
159.240,161.010,5.580,7.710
159.270,161.180,5.590,7.720
159.290,161.350,5.600,7.720
159.310,161.510,5.620,7.740
159.330,161.680,5.630,7.740
159.350,161.850,5.640,7.750
159.370,162.020,5.660,7.750
159.390,162.190,5.670,7.760
159.410,162.360,5.690,7.760
159.430,162.530,5.720,7.770
159.450,162.700,5.760,7.770
159.470,162.870,5.790,7.780
159.500,163.040,5.820,7.780
159.520,163.200,5.860,7.800
159.540,163.370,5.890,7.800
159.560,163.540,5.930,7.810
159.580,163.710,5.960,7.810
159.600,163.880,6.000,7.820
159.620,164.140,6.000,7.820
159.640,164.400,6.000,7.820
159.660,164.660,6.000,7.820
159.680,164.920,6.000,7.820
159.710,165.180,6.000,7.820
159.730,165.440,6.000,7.820
159.750,165.710,6.000,7.810
159.770,165.970,6.000,7.820
159.790,166.230,6.000,7.820
159.810,166.490,6.000,7.820
159.830,166.750,6.000,7.820
159.850,167.010,6.000,7.820
159.870,167.270,6.000,7.820
159.900,167.530,6.000,7.820
159.920,167.790,6.000,7.820
159.940,168.050,6.000,7.820
159.960,168.310,6.000,7.820
159.980,168.570,6.000,7.820
160.000,168.830,6.000,7.820
160.020,169.090,6.000,7.820
160.020,169.300,5.950,7.760
160.010,169.510,5.900,7.700
160.000,169.720,5.850,7.640
160.000,169.940,5.800,7.570
159.990,170.150,5.750,7.510
159.990,170.360,5.700,7.450
159.980,170.570,5.650,7.390
159.970,170.780,5.600,7.330
159.970,170.990,5.550,7.270
159.960,171.200,5.500,7.210
159.950,171.410,5.450,7.150
159.950,171.620,5.400,7.090
159.940,171.830,5.350,7.020
159.940,172.040,5.300,6.960
159.930,172.250,5.250,6.900
159.920,172.460,5.200,6.840
159.920,172.670,5.150,6.780
159.910,172.880,5.100,6.720
159.910,173.090,5.050,6.660
159.900,173.300,5.000,6.600
159.880,173.510,4.990,6.630
159.860,173.720,4.980,6.660
159.840,173.930,4.970,6.690
159.820,174.140,4.960,6.720
159.800,174.350,4.950,6.750
159.780,174.560,4.940,6.780
159.760,174.770,4.930,6.810
159.740,174.980,4.920,6.840
159.720,175.190,4.910,6.870
159.700,175.400,4.900,6.900
159.680,175.610,4.890,6.930
159.660,175.820,4.880,6.960
159.640,176.030,4.870,6.990
159.620,176.240,4.860,7.020
159.600,176.450,4.850,7.050
159.580,176.660,4.840,7.080
159.560,176.870,4.830,7.110
159.540,177.080,4.820,7.140
159.520,177.290,4.810,7.170
159.500,177.500,4.800,7.200
159.500,177.690,4.810,7.160
159.510,177.870,4.800,7.140
159.520,178.060,4.800,7.100
159.520,178.240,4.800,7.080
159.530,178.430,4.800,7.040
159.530,178.610,4.800,7.020
159.540,178.800,4.800,6.980
159.540,178.980,4.800,6.960
159.550,179.170,4.800,6.920
159.550,179.350,4.800,6.900
159.560,179.540,4.800,6.860
159.560,179.720,4.800,6.840
159.570,179.910,4.800,6.800
159.570,180.090,4.800,6.780
159.580,180.280,4.800,6.740
159.580,180.460,4.800,6.720
159.590,180.650,4.800,6.680
159.590,180.830,4.830,6.660
159.600,181.020,4.860,6.620
159.600,181.200,4.900,6.600
159.560,181.390,4.870,6.580
159.520,181.580,4.840,6.560
159.480,181.770,4.810,6.540
159.440,181.960,4.780,6.520
159.400,182.150,4.750,6.500
159.360,182.340,4.720,6.480
159.320,182.530,4.690,6.460
159.280,182.720,4.660,6.440
159.240,182.910,4.630,6.420
159.200,183.100,4.600,6.400
159.160,183.290,4.560,6.380
159.120,183.480,4.530,6.360
159.080,183.670,4.500,6.340
159.040,183.860,4.470,6.320
159.000,184.050,4.440,6.300
158.960,184.240,4.410,6.280
158.920,184.430,4.380,6.260
158.880,184.620,4.350,6.240
158.840,184.810,4.320,6.220
158.800,185.000,4.290,6.200
158.780,185.080,4.290,6.210
158.760,185.170,4.290,6.200
158.740,185.250,4.310,6.210
158.720,185.340,4.350,6.200
158.690,185.420,4.400,6.210
158.670,185.510,4.440,6.200
158.650,185.590,4.480,6.210
158.630,185.680,4.520,6.200
158.610,185.760,4.560,6.210
158.590,185.850,4.610,6.200
158.570,185.930,4.650,6.210
158.550,186.010,4.690,6.210
158.530,186.100,4.730,6.210
158.500,186.180,4.780,6.210
158.480,186.270,4.820,6.210
158.460,186.350,4.860,6.210
158.440,186.440,4.900,6.210
158.420,186.520,4.940,6.210
158.400,186.610,4.980,6.210
158.380,186.690,5.020,6.210
158.330,186.740,5.030,6.210
158.290,186.790,5.030,6.210
158.250,186.840,5.020,6.210
158.210,186.890,5.020,6.210
158.170,186.940,5.020,6.210
158.120,186.990,5.030,6.210
158.080,187.040,5.020,6.210
158.040,187.080,5.020,6.210
158.000,187.130,5.020,6.210
157.950,187.180,5.030,6.210
157.910,187.230,5.030,6.210
157.870,187.280,5.020,6.210
157.830,187.330,5.020,6.210
157.790,187.380,5.020,6.210
157.740,187.430,5.030,6.210
157.700,187.480,5.020,6.210
157.660,187.530,5.020,6.210
157.620,187.580,5.020,6.210
157.570,187.630,5.030,6.210
157.530,187.680,5.030,6.210
157.480,187.640,5.000,6.270
157.420,187.610,4.980,6.330
157.360,187.580,4.960,6.380
157.310,187.540,4.930,6.450
157.250,187.510,4.920,6.500
157.190,187.470,4.900,6.570
157.140,187.440,4.870,6.630
157.080,187.410,4.850,6.680
157.030,187.370,4.830,6.750
156.970,187.340,4.810,6.800
156.910,187.300,4.790,6.870
156.860,187.270,4.760,6.920
156.800,187.240,4.740,6.980
156.740,187.200,4.730,7.050
156.690,187.170,4.740,7.100
156.630,187.140,4.770,7.160
156.570,187.100,4.810,7.220
156.520,187.070,4.830,7.280
156.460,187.030,4.870,7.340
156.410,187.000,4.890,7.400
156.410,187.000,4.850,7.400
156.400,187.000,4.820,7.400
156.400,187.000,4.770,7.400
156.400,187.000,4.730,7.400
156.400,187.000,4.690,7.400
156.400,187.000,4.650,7.400
156.400,187.000,4.600,7.400
156.400,187.000,4.560,7.400
156.400,187.000,4.520,7.400
156.400,187.000,4.480,7.400
156.400,187.000,4.440,7.400
156.400,187.000,4.390,7.400
156.400,187.000,4.350,7.400
156.400,187.000,4.310,7.400
156.400,187.000,4.270,7.400
156.400,187.000,4.220,7.400
156.400,187.000,4.180,7.400
156.400,187.000,4.140,7.400
156.400,187.000,4.100,7.400
156.400,187.000,4.060,7.400
156.350,186.980,4.050,7.400
156.290,186.960,4.060,7.400
156.240,186.950,4.060,7.400
156.190,186.930,4.050,7.400
156.140,186.910,4.050,7.400
156.080,186.890,4.060,7.400
156.030,186.880,4.060,7.400
155.980,186.860,4.050,7.400
155.920,186.840,4.060,7.400
155.870,186.820,4.060,7.400
155.820,186.810,4.050,7.400
155.770,186.790,4.050,7.400
155.710,186.770,4.060,7.400
155.660,186.750,4.060,7.400
155.610,186.740,4.050,7.400
155.550,186.720,4.060,7.400
155.500,186.700,4.060,7.400
155.450,186.680,4.050,7.400
155.400,186.670,4.050,7.400
155.340,186.650,4.060,7.400
155.290,186.630,4.060,7.400
155.240,186.610,4.050,7.400
155.180,186.590,4.060,7.400
155.130,186.580,4.060,7.400
155.080,186.560,4.050,7.400
155.030,186.540,4.050,7.400
154.970,186.520,4.060,7.400
154.920,186.510,4.060,7.400
154.870,186.490,4.050,7.400
154.820,186.470,4.050,7.400
154.760,186.450,4.060,7.400
154.710,186.440,4.050,7.400
154.660,186.420,4.050,7.400
154.600,186.400,4.060,7.400
154.550,186.380,4.060,7.400
154.500,186.370,4.050,7.400
154.450,186.350,4.050,7.400
154.390,186.330,4.060,7.400
154.340,186.310,4.050,7.400
154.290,186.290,4.050,7.400
154.240,186.330,4.060,7.400
154.200,186.370,4.060,7.400
154.160,186.400,4.060,7.400
154.120,186.440,4.050,7.400
154.080,186.470,4.050,7.400
154.030,186.510,4.060,7.400
153.990,186.540,4.060,7.400
153.950,186.580,4.050,7.400
153.910,186.610,4.050,7.400
153.860,186.650,4.060,7.400
153.820,186.680,4.060,7.400
153.780,186.720,4.060,7.400
153.740,186.750,4.050,7.400
153.700,186.790,4.050,7.400
153.650,186.820,4.060,7.400
153.610,186.860,4.060,7.400
153.570,186.890,4.050,7.400
153.530,186.930,4.050,7.400
153.480,186.960,4.060,7.400
153.440,187.000,4.060,7.400
153.430,187.040,4.060,7.380
153.420,187.090,4.060,7.350
153.410,187.130,4.060,7.330
153.400,187.180,4.050,7.300
153.390,187.220,4.050,7.280
153.380,187.270,4.050,7.250
153.370,187.310,4.050,7.230
153.360,187.360,4.050,7.200
153.350,187.400,4.050,7.180
153.340,187.450,4.050,7.150
153.330,187.490,4.050,7.130
153.320,187.540,4.050,7.100
153.300,187.580,4.060,7.080
153.290,187.630,4.060,7.050
153.280,187.670,4.060,7.030
153.270,187.720,4.060,7.000
153.260,187.760,4.060,6.980
153.250,187.810,4.060,6.950
153.240,187.850,4.060,6.930
153.230,187.900,4.060,6.900
153.220,187.940,4.060,6.880
153.210,187.990,4.050,6.850
153.200,188.030,4.050,6.830
153.190,188.080,4.050,6.800
153.180,188.120,4.050,6.780
153.170,188.170,4.050,6.750
153.160,188.210,4.050,6.730
153.150,188.260,4.050,6.700
153.140,188.300,4.050,6.680
153.120,188.350,4.060,6.650
153.110,188.390,4.060,6.630
153.100,188.440,4.060,6.600
153.090,188.480,4.060,6.580
153.080,188.530,4.060,6.550
153.070,188.570,4.060,6.530
153.060,188.620,4.060,6.500
153.050,188.660,4.060,6.480
153.040,188.710,4.060,6.450
153.030,188.750,4.050,6.430
153.020,188.800,4.050,6.400
152.990,188.960,4.060,6.410
152.960,189.110,4.060,6.430
152.930,189.270,4.060,6.440
152.910,189.430,4.050,6.450
152.880,189.580,4.050,6.470
152.850,189.740,4.060,6.480
152.820,189.900,4.060,6.490
152.790,190.050,4.060,6.510
152.770,190.210,4.050,6.520
152.740,190.360,4.050,6.540
152.710,190.520,4.080,6.550
152.680,190.680,4.110,6.560
152.650,190.830,4.140,6.580
152.630,190.990,4.160,6.590
152.600,191.150,4.190,6.600
152.570,191.300,4.220,6.620
152.540,191.460,4.260,6.630
152.510,191.620,4.290,6.640
152.480,191.770,4.320,6.660
152.460,191.930,4.340,6.670
152.480,192.110,4.360,6.670
152.510,192.300,4.360,6.650
152.540,192.480,4.370,6.650
152.570,192.660,4.370,6.640
152.600,192.850,4.380,6.630
152.630,193.030,4.380,6.620
152.650,193.210,4.400,6.620
152.680,193.400,4.400,6.600
152.710,193.580,4.410,6.600
152.740,193.760,4.410,6.590
152.770,193.950,4.420,6.580
152.790,194.130,4.430,6.570
152.820,194.320,4.440,6.560
152.850,194.500,4.440,6.550
152.880,194.680,4.450,6.550
152.910,194.870,4.450,6.530
152.940,195.050,4.460,6.530
152.960,195.230,4.470,6.520
152.990,195.420,4.480,6.510
153.020,195.600,4.480,6.500
153.050,195.850,4.520,6.480
153.080,196.110,4.560,6.440
153.100,196.360,4.610,6.420
153.130,196.610,4.650,6.390
153.160,196.870,4.690,6.360
153.190,197.120,4.730,6.330
153.220,197.370,4.770,6.310
153.250,197.630,4.810,6.270
153.270,197.880,4.860,6.250
153.300,198.140,4.900,6.210
153.330,198.390,4.940,6.190
153.360,198.640,4.980,6.160
153.390,198.900,5.020,6.130
153.410,199.150,5.070,6.100
153.440,199.400,5.110,6.080
153.470,199.660,5.150,6.040
153.500,199.910,5.190,6.020
153.530,200.160,5.230,5.990
153.560,200.420,5.270,5.960
153.580,200.670,5.320,5.930
153.600,200.850,5.310,5.980
153.610,201.020,5.300,6.030
153.630,201.200,5.290,6.080
153.640,201.370,5.280,6.130
153.650,201.550,5.280,6.180
153.670,201.730,5.260,6.220
153.680,201.900,5.260,6.280
153.700,202.080,5.240,6.320
153.710,202.250,5.240,6.380
153.720,202.430,5.230,6.420
153.740,202.610,5.220,6.470
153.750,202.780,5.210,6.520
153.770,202.960,5.200,6.570
153.780,203.140,5.190,6.610
153.800,203.310,5.180,6.670
153.810,203.490,5.170,6.710
153.820,203.660,5.170,6.770
153.840,203.840,5.150,6.810
153.850,204.020,5.150,6.860
153.870,204.190,5.130,6.910
153.880,204.370,5.130,6.910
153.890,204.560,5.140,6.910
153.910,204.740,5.130,6.910
153.920,204.920,5.140,6.910
153.940,205.110,5.130,6.910
153.950,205.290,5.130,6.910
153.960,205.470,5.140,6.910
153.980,205.660,5.130,6.910
153.990,205.840,5.140,6.910
154.010,206.020,5.130,6.910
154.020,206.210,5.140,6.900
154.040,206.390,5.130,6.910
154.050,206.570,5.130,6.910
154.060,206.760,5.140,6.900
154.080,206.940,5.130,6.910
154.090,207.120,5.140,6.910
154.110,207.310,5.130,6.900
154.120,207.490,5.130,6.910
154.130,207.670,5.140,6.910
154.150,207.850,5.130,6.910
154.160,208.060,5.140,6.940
154.180,208.260,5.130,6.970
154.190,208.460,5.130,7.000
154.200,208.660,5.140,7.030
154.220,208.870,5.130,7.060
154.230,209.070,5.140,7.090
154.250,209.270,5.130,7.120
154.260,209.470,5.130,7.150
154.270,209.680,5.140,7.170
154.290,209.880,5.130,7.210
154.300,210.080,5.140,7.240
154.320,210.280,5.130,7.270
154.330,210.480,5.140,7.300
154.340,210.690,5.140,7.330
154.360,210.890,5.130,7.360
154.370,211.090,5.140,7.390
154.390,211.290,5.130,7.420
154.400,211.500,5.140,7.450
154.420,211.700,5.130,7.480
154.430,211.900,5.130,7.510
154.450,212.010,5.090,7.490
154.480,212.110,5.030,7.470
154.500,212.220,4.980,7.440
154.520,212.320,4.930,7.430
154.550,212.430,4.870,7.400
154.570,212.530,4.820,7.390
154.590,212.640,4.780,7.360
154.620,212.740,4.720,7.350
154.640,212.850,4.670,7.320
154.660,212.950,4.620,7.310
154.690,213.060,4.560,7.280
154.710,213.160,4.530,7.260
154.740,213.270,4.500,7.280
154.760,213.370,4.470,7.330
154.780,213.480,4.450,7.370
154.810,213.580,4.410,7.420
154.830,213.690,4.390,7.460
154.850,213.790,4.360,7.510
154.880,213.900,4.330,7.550
154.900,214.000,4.300,7.600
154.850,214.060,4.290,7.600
154.800,214.110,4.270,7.610
154.750,214.170,4.260,7.610
154.700,214.230,4.240,7.610
154.650,214.280,4.230,7.620
154.600,214.340,4.210,7.620
154.550,214.390,4.200,7.630
154.510,214.450,4.170,7.630
154.460,214.510,4.160,7.630
154.410,214.560,4.140,7.640
154.360,214.620,4.130,7.640
154.310,214.680,4.110,7.640
154.260,214.730,4.100,7.650
154.210,214.790,4.080,7.650
154.160,214.850,4.070,7.650
154.110,214.900,4.050,7.660
154.060,214.960,4.040,7.670
154.010,215.010,4.020,7.710
153.960,215.070,4.010,7.740
153.910,215.130,3.990,7.770
153.890,215.240,4.030,7.740
153.860,215.350,4.080,7.700
153.840,215.470,4.120,7.660
153.810,215.580,4.170,7.620
153.790,215.700,4.210,7.580
153.760,215.810,4.260,7.540
153.730,215.920,4.310,7.510
153.710,216.040,4.350,7.460
153.680,216.150,4.420,7.430
153.660,216.260,4.490,7.390
153.630,216.380,4.580,7.350
153.610,216.490,4.650,7.310
153.580,216.600,4.740,7.280
153.550,216.720,4.820,7.230
153.530,216.830,4.900,7.200
153.500,216.950,4.980,7.150
153.480,217.060,5.060,7.120
153.450,217.170,5.140,7.080
153.430,217.290,5.220,7.040
153.400,217.400,5.300,7.000
153.310,217.440,5.300,7.000
153.220,217.470,5.300,7.000
153.130,217.510,5.300,7.000
153.030,217.540,5.300,7.000
152.940,217.580,5.300,7.000
152.850,217.610,5.300,7.000
152.760,217.650,5.300,7.000
152.670,217.680,5.300,7.000
152.580,217.720,5.300,7.000
152.480,217.750,5.300,7.000
152.390,217.790,5.300,7.000
152.300,217.820,5.300,7.000
152.210,217.860,5.300,7.000
152.120,217.890,5.300,7.000
152.030,217.930,5.300,7.000
151.940,217.960,5.300,7.000
151.840,218.000,5.300,7.000
151.750,218.030,5.300,7.000
151.660,218.070,5.300,7.000
151.570,218.100,5.300,7.000
151.530,218.140,5.290,7.000
151.480,218.170,5.280,7.000
151.440,218.210,5.270,7.000
151.400,218.240,5.260,7.000
151.360,218.280,5.240,7.000
151.320,218.320,5.230,7.000
151.270,218.350,5.220,7.000
151.230,218.390,5.210,7.000
151.190,218.420,5.200,7.000
151.150,218.460,5.180,7.000
151.100,218.490,5.220,7.000
151.060,218.530,5.250,7.000
151.020,218.560,5.270,7.000
150.980,218.600,5.300,7.000
150.930,218.630,5.340,7.000
150.890,218.670,5.360,7.000
150.850,218.700,5.390,7.000
150.810,218.740,5.420,7.000
150.770,218.770,5.440,7.000
150.720,218.810,5.480,7.000
150.720,218.920,5.480,7.000
150.720,219.030,5.480,7.000
150.720,219.150,5.480,7.000
150.720,219.260,5.480,7.000
150.720,219.370,5.480,7.000
150.720,219.480,5.480,7.000
150.720,219.600,5.480,7.000
150.720,219.710,5.480,7.000
150.720,219.820,5.480,7.000
150.720,219.940,5.480,7.000
150.720,220.050,5.480,7.000
150.720,220.160,5.480,7.000
150.720,220.270,5.480,7.000
150.720,220.390,5.480,7.000
150.720,220.500,5.480,7.000
150.720,220.610,5.480,7.000
150.720,220.720,5.480,7.000
150.720,220.840,5.480,7.000
150.720,220.950,5.480,7.000
150.720,221.060,5.480,7.000
150.750,221.150,5.480,7.000
150.780,221.250,5.480,7.000
150.810,221.340,5.470,7.000
150.840,221.430,5.470,7.000
150.860,221.520,5.480,7.000
150.890,221.610,5.480,7.000
150.920,221.700,5.480,7.000
150.950,221.790,5.480,7.000
150.980,221.890,5.470,7.000
151.000,221.980,5.480,7.000
151.030,222.070,5.480,7.000
151.060,222.160,5.480,7.000
151.090,222.250,5.480,7.000
151.120,222.340,5.470,7.000
151.150,222.440,5.470,7.000
151.170,222.530,5.480,7.000
151.200,222.620,5.480,7.000
151.230,222.710,5.480,7.000
151.260,222.800,5.480,7.000
151.290,222.890,5.470,7.000
151.340,223.020,5.480,7.000
151.400,223.150,5.480,7.000
151.460,223.270,5.470,7.000
151.510,223.400,5.480,7.000
151.570,223.530,5.480,7.000
151.620,223.650,5.480,7.000
151.680,223.780,5.480,7.000
151.740,223.910,5.470,7.000
151.790,224.030,5.480,7.000
151.850,224.160,5.480,7.000
151.910,224.290,5.470,7.000
151.960,224.410,5.480,7.000
152.020,224.540,5.480,7.000
152.080,224.670,5.470,7.000
152.130,224.800,5.480,7.000
152.190,224.920,5.480,7.000
152.240,225.050,5.480,7.000
152.300,225.180,5.480,7.000
152.360,225.300,5.470,7.000
152.410,225.430,5.480,7.000
152.490,225.580,5.480,7.000
152.570,225.740,5.480,7.000
152.650,225.890,5.470,7.000
152.720,226.050,5.480,7.000
152.800,226.200,5.480,7.000
152.880,226.360,5.480,7.000
152.960,226.510,5.470,7.000
153.030,226.670,5.480,7.000
153.110,226.820,5.480,7.000
153.190,226.980,5.480,7.000
153.270,227.130,5.470,7.000
153.340,227.290,5.480,7.000
153.420,227.440,5.480,7.000
153.500,227.600,5.480,7.000
153.580,227.750,5.470,7.000
153.650,227.910,5.480,7.000
153.730,228.060,5.480,7.000
153.810,228.220,5.480,7.000
153.890,228.370,5.470,7.000
153.960,228.530,5.480,7.000
154.060,228.700,5.480,7.000
154.160,228.870,5.480,7.000
154.260,229.040,5.480,7.000
154.360,229.210,5.470,7.000
154.460,229.370,5.470,7.000
154.550,229.540,5.480,7.000
154.650,229.710,5.480,7.000
154.750,229.880,5.480,7.000
154.850,230.050,5.480,7.000
154.950,230.220,5.480,7.000
155.050,230.390,5.470,7.000
155.150,230.560,5.470,7.000
155.250,230.730,5.470,7.000
155.340,230.900,5.480,7.000
155.440,231.060,5.480,7.000
155.540,231.230,5.480,7.000
155.640,231.400,5.480,7.000
155.740,231.570,5.470,7.000
155.840,231.740,5.470,7.000
155.940,231.910,5.470,7.000
155.980,232.090,5.480,7.000
156.030,232.260,5.480,7.000
156.080,232.440,5.480,7.000
156.130,232.610,5.480,7.000
156.180,232.790,5.480,7.000
156.230,232.970,5.480,7.000
156.280,233.140,5.480,7.000
156.330,233.320,5.480,7.000
156.380,233.490,5.480,7.000
156.430,233.670,5.480,7.000
156.480,233.850,5.470,7.000
156.530,234.020,5.470,7.000
156.580,234.200,5.470,7.000
156.630,234.370,5.470,7.000
156.670,234.550,5.480,7.000
156.720,234.730,5.480,7.000
156.770,234.900,5.480,7.000
156.820,235.080,5.480,7.000
156.870,235.260,5.480,7.000
156.920,235.430,5.480,7.000
156.980,235.610,5.470,7.070
157.030,235.780,5.480,7.150
157.090,235.960,5.480,7.220
157.150,236.140,5.470,7.290
157.200,236.310,5.480,7.360
157.260,236.490,5.480,7.430
157.320,236.660,5.470,7.510
157.370,236.840,5.480,7.580
157.430,237.020,5.480,7.650
157.480,237.190,5.480,7.730
157.540,237.370,5.500,7.790
157.600,237.540,5.540,7.870
157.650,237.720,5.580,7.940
157.710,237.900,5.620,8.010
157.770,238.070,5.650,8.090
157.820,238.250,5.700,8.160
157.880,238.420,5.730,8.230
157.940,238.600,5.770,8.300
157.990,238.780,5.810,8.370
158.050,238.950,5.850,8.450
158.090,239.180,5.850,8.410
158.130,239.410,5.850,8.370
158.180,239.630,5.850,8.340
158.220,239.860,5.850,8.300
158.260,240.090,5.850,8.260
158.300,240.320,5.850,8.220
158.340,240.540,5.860,8.190
158.390,240.770,5.850,8.150
158.430,241.000,5.850,8.110
158.470,241.230,5.850,8.070
158.510,241.450,5.860,8.040
158.560,241.680,5.850,8.000
158.600,241.910,5.850,7.960
158.640,242.140,5.850,7.920
158.680,242.360,5.850,7.890
158.730,242.590,5.850,7.850
158.770,242.820,5.850,7.810
158.810,243.050,5.850,7.770
158.850,243.270,5.850,7.740
158.890,243.500,5.860,7.700
159.100,243.580,5.850,7.700
159.300,243.660,5.850,7.700
159.500,243.730,5.860,7.710
159.710,243.810,5.850,7.710
159.910,243.890,5.850,7.700
160.110,243.970,5.860,7.700
160.320,244.050,5.850,7.700
160.520,244.130,5.850,7.700
160.730,244.200,5.850,7.710
