150.860,236.300,5.720,5.720
151.260,236.320,5.720,5.730
151.660,236.350,5.720,5.720
152.050,236.370,5.730,5.730
152.450,236.400,5.720,5.720
152.850,236.420,5.720,5.730
153.250,236.450,5.720,5.720
153.650,236.470,5.720,5.730
154.040,236.500,5.730,5.720
154.440,236.520,5.730,5.730
154.840,236.550,5.720,5.720
155.250,236.210,5.720,5.720
155.650,235.870,5.720,5.720
156.060,235.530,5.720,5.720
156.460,235.190,5.730,5.720
156.870,234.850,5.720,5.720
157.270,234.510,5.730,5.720
157.680,234.170,5.720,5.720
158.090,233.830,5.720,5.720
158.490,233.490,5.720,5.720
158.900,233.150,5.720,5.720
159.270,233.000,5.730,5.720
159.650,232.850,5.720,5.720
160.020,232.690,5.730,5.730
160.400,232.540,5.720,5.720
160.770,232.390,5.730,5.720
161.150,232.240,5.720,5.720
161.520,232.080,5.730,5.730
161.900,231.930,5.720,5.730
162.270,231.780,5.730,5.720
162.650,231.630,5.720,5.720
163.020,231.480,5.730,5.720
163.400,231.320,5.720,5.730
163.780,231.170,5.720,5.720
164.150,231.020,5.720,5.720
164.530,230.870,5.720,5.720
164.900,230.720,5.720,5.720
165.280,230.560,5.720,5.730
165.650,230.410,5.730,5.720
166.030,230.260,5.720,5.720
166.400,230.110,5.730,5.720
166.740,229.960,5.760,5.730
167.070,229.820,5.810,5.730
167.410,229.680,5.840,5.720
167.740,229.540,5.890,5.720
168.080,229.400,5.920,5.720
168.410,229.250,5.970,5.730
168.750,229.110,6.040,5.730
169.080,228.970,6.130,5.720
169.420,228.830,6.200,5.720
169.750,228.690,6.290,5.720
170.090,228.540,6.360,5.730
170.420,228.400,6.450,5.730
170.760,228.260,6.530,5.720
171.090,228.120,6.610,5.720
171.430,227.980,6.690,5.720
171.760,227.830,6.780,5.730
172.100,227.690,6.850,5.730
172.430,227.550,6.940,5.720
172.770,227.410,7.010,5.720
173.100,227.270,7.100,5.720
173.550,227.050,7.060,5.730
173.990,226.840,7.020,5.720
174.440,226.630,6.980,5.720
174.880,226.410,6.940,5.720
175.330,226.200,6.900,5.720
175.770,225.990,6.860,5.710
176.220,225.780,6.820,5.710
176.660,225.560,6.780,5.710
177.110,225.350,6.740,5.710
177.550,225.140,6.700,5.700
178.000,224.920,6.660,5.710
178.440,224.710,6.620,5.710
178.890,224.500,6.580,5.700
179.330,224.290,6.580,5.700
179.780,224.070,6.580,5.700
180.220,223.860,6.590,5.700
180.670,223.650,6.580,5.690
181.110,223.430,6.590,5.700
181.560,223.220,6.590,5.690
182.000,223.010,6.600,5.690
182.490,222.890,6.600,5.690
182.970,222.760,6.600,5.700
183.460,222.640,6.600,5.690
183.950,222.520,6.600,5.690
184.430,222.400,6.600,5.690
184.920,222.280,6.600,5.690
185.410,222.160,6.600,5.690
185.890,222.030,6.600,5.700
186.380,221.910,6.600,5.690
186.870,221.790,6.600,5.690
187.350,221.670,6.600,5.690
187.840,221.550,6.600,5.690
188.330,221.430,6.600,5.690
188.820,221.300,6.600,5.700
189.300,221.180,6.600,5.690
189.790,221.060,6.600,5.690
190.280,220.940,6.600,5.690
190.760,220.820,6.600,5.690
191.250,220.700,6.600,5.690
191.740,220.570,6.600,5.700
192.190,220.380,6.600,5.690
192.650,220.190,6.600,5.690
193.110,220.000,6.600,5.690
193.560,219.800,6.600,5.700
194.020,219.610,6.600,5.690
194.480,219.420,6.600,5.690
194.930,219.230,6.600,5.690
195.390,219.030,6.600,5.700
195.840,218.840,6.600,5.690
196.300,218.650,6.600,5.690
196.760,218.450,6.600,5.700
197.210,218.260,6.600,5.690
197.670,218.070,6.600,5.690
198.130,217.880,6.600,5.690
198.580,217.680,6.600,5.700
199.040,217.490,6.600,5.690
199.500,217.300,6.600,5.690
199.950,217.110,6.600,5.690
200.410,216.910,6.600,5.700
200.870,216.720,6.600,5.690
201.320,216.560,6.600,5.690
201.780,216.400,6.600,5.690
202.240,216.230,6.600,5.700
202.690,216.070,6.600,5.690
203.150,215.910,6.600,5.690
203.600,215.750,6.600,5.690
204.060,215.580,6.600,5.700
204.520,215.420,6.600,5.690
204.970,215.260,6.600,5.690
205.430,215.100,6.600,5.690
205.890,214.940,6.600,5.690
206.340,214.770,6.600,5.700
206.800,214.610,6.600,5.690
207.260,214.450,6.600,5.690
207.710,214.290,6.600,5.690
208.170,214.120,6.600,5.700
208.620,213.960,6.600,5.690
209.080,213.800,6.600,5.690
209.540,213.640,6.600,5.690
209.990,213.470,6.600,5.700
210.450,213.270,6.600,5.690
210.910,213.070,6.600,5.690
211.360,212.870,6.600,5.690
211.820,212.660,6.600,5.700
212.280,212.460,6.600,5.690
212.730,212.260,6.600,5.690
213.190,212.050,6.600,5.700
213.650,211.850,6.600,5.690
214.100,211.650,6.600,5.690
214.560,211.450,6.600,5.690
215.010,211.240,6.600,5.700
215.470,211.040,6.600,5.690
215.930,210.840,6.600,5.690
216.380,210.630,6.600,5.700
216.840,210.430,6.600,5.690
217.300,210.230,6.600,5.690
217.750,210.030,6.600,5.690
218.210,209.820,6.600,5.700
218.670,209.620,6.600,5.690
219.120,209.420,6.600,5.690
219.580,209.200,6.600,5.700
220.030,208.990,6.600,5.690
220.490,208.780,6.600,5.690
220.950,208.570,6.600,5.690
221.400,208.350,6.600,5.700
221.860,208.140,6.600,5.690
222.320,207.930,6.600,5.690
222.770,207.710,6.600,5.700
223.230,207.500,6.600,5.690
223.690,207.290,6.600,5.690
224.140,207.080,6.600,5.690
224.600,206.860,6.600,5.690
225.060,206.650,6.600,5.690
225.510,206.440,6.600,5.690
225.970,206.220,6.600,5.700
226.420,206.010,6.600,5.690
226.880,205.800,6.600,5.690
227.340,205.580,6.600,5.700
227.790,205.370,6.600,5.690
228.250,205.160,6.600,5.690
228.690,205.000,6.600,5.690
229.120,204.830,6.600,5.700
229.560,204.670,6.600,5.690
229.990,204.510,6.600,5.690
230.430,204.350,6.600,5.690
230.870,204.180,6.600,5.700
231.300,204.020,6.600,5.690
231.740,203.860,6.600,5.690
232.170,203.700,6.600,5.690
232.610,203.540,6.600,5.690
233.050,203.370,6.600,5.700
233.480,203.210,6.600,5.690
233.920,203.050,6.600,5.690
234.360,202.890,6.600,5.690
234.790,202.720,6.600,5.700
235.230,202.560,6.600,5.690
235.660,202.400,6.600,5.690
236.100,202.240,6.600,5.690
236.540,202.070,6.600,5.700
236.970,201.910,6.600,5.690
237.430,201.710,6.600,5.690
237.880,201.510,6.600,5.690
238.340,201.300,6.600,5.700
238.800,201.100,6.600,5.690
239.250,200.900,6.600,5.690
239.710,200.700,6.600,5.690
240.170,200.490,6.600,5.690
240.620,200.290,6.600,5.690
241.080,200.090,6.600,5.690
241.540,199.880,6.600,5.700
241.990,199.680,6.600,5.690
242.450,199.480,6.600,5.690
242.900,199.280,6.600,5.690
243.360,199.070,6.600,5.690
243.820,198.870,6.600,5.690
244.270,198.670,6.600,5.690
244.730,198.460,6.600,5.700
245.190,198.260,6.600,5.690
245.640,198.060,6.600,5.690
246.100,197.860,6.600,5.690
246.500,197.700,6.600,5.700
246.890,197.550,6.600,5.690
247.290,197.400,6.600,5.690
247.680,197.250,6.600,5.690
248.080,197.090,6.600,5.700
248.470,196.940,6.600,5.700
248.870,196.790,6.600,5.690
249.260,196.640,6.600,5.690
249.660,196.490,6.600,5.690
250.060,196.330,6.600,5.700
250.450,196.180,6.600,5.690
250.850,196.030,6.600,5.690
251.240,195.880,6.600,5.690
251.640,195.730,6.600,5.690
252.030,195.570,6.600,5.700
252.430,195.420,6.600,5.690
252.820,195.270,6.600,5.690
253.220,195.120,6.600,5.690
253.620,194.970,6.600,5.690
254.010,194.810,6.600,5.700
254.530,194.650,6.600,5.690
255.050,194.490,6.600,5.690
255.560,194.330,6.600,5.690
256.080,194.160,6.600,5.700
256.600,194.000,6.600,5.690
257.110,193.840,6.600,5.690
257.630,193.680,6.600,5.690
258.150,193.520,6.600,5.690
258.670,193.350,6.600,5.700
259.180,193.190,6.600,5.690
259.700,193.030,6.600,5.690
260.220,192.870,6.600,5.690
260.730,192.700,6.600,5.700
261.250,192.540,6.600,5.690
261.770,192.380,6.600,5.690
262.290,192.220,6.600,5.690
262.800,192.060,6.600,5.690
263.320,191.890,6.600,5.700
263.840,191.730,6.600,5.690
264.360,191.570,6.600,5.690
264.750,191.410,6.600,5.690
265.150,191.240,6.600,5.700
265.540,191.080,6.600,5.690
265.940,190.920,6.600,5.690
266.330,190.760,6.600,5.690
266.730,190.590,6.600,5.700
267.120,190.430,6.600,5.690
267.520,190.270,6.600,5.690
267.920,190.110,6.600,5.690
268.310,189.950,6.600,5.690
268.710,189.780,6.600,5.700
269.100,189.620,6.600,5.690
269.500,189.460,6.600,5.690
269.890,189.300,6.600,5.690
270.290,189.130,6.600,5.700
270.680,188.970,6.600,5.690
271.080,188.810,6.600,5.690
271.480,188.650,6.600,5.690
271.870,188.490,6.600,5.690
272.270,188.320,6.600,5.700
272.580,188.170,6.600,5.690
272.900,188.020,6.600,5.690
273.210,187.870,6.600,5.690
273.520,187.710,6.600,5.700
273.840,187.560,6.600,5.690
274.150,187.410,6.600,5.690
274.470,187.260,6.600,5.690
274.780,187.110,6.600,5.690
275.100,186.950,6.600,5.700
275.410,186.800,6.600,5.690
275.730,186.650,6.600,5.690
276.040,186.500,6.600,5.690
276.350,186.350,6.600,5.690
276.670,186.190,6.600,5.700
276.980,186.040,6.600,5.690
277.300,185.890,6.600,5.690
277.610,185.740,6.600,5.690
277.930,185.580,6.600,5.700
278.240,185.430,6.600,5.690
278.550,185.280,6.600,5.690
278.910,185.110,6.600,5.690
279.260,184.940,6.600,5.690
279.620,184.760,6.600,5.700
279.970,184.590,6.600,5.690
280.330,184.420,6.600,5.690
280.680,184.250,6.600,5.690
281.040,184.070,6.600,5.700
281.390,183.900,6.600,5.690
281.750,183.730,6.600,5.690
282.100,183.560,6.600,5.690
282.460,183.380,6.600,5.700
282.820,183.210,6.600,5.690
283.170,183.040,6.600,5.690
283.530,182.870,6.600,5.690
283.880,182.690,6.600,5.700
284.240,182.520,6.600,5.690
284.590,182.350,6.600,5.690
284.950,182.180,6.600,5.690
285.300,182.000,6.600,5.700
285.660,181.830,6.600,5.690
285.970,181.670,6.600,5.690
286.280,181.510,6.600,5.690
286.600,181.350,6.600,5.690
286.910,181.180,6.600,5.700
287.230,181.020,6.600,5.690
287.540,180.860,6.600,5.690
287.860,180.700,6.600,5.690
288.170,180.530,6.600,5.700
288.480,180.370,6.600,5.690
288.800,180.210,6.600,5.690
289.110,180.050,6.600,5.690
289.430,179.880,6.600,5.700
289.740,179.720,6.600,5.690
290.060,179.560,6.600,5.690
290.370,179.400,6.600,5.690
290.690,179.240,6.600,5.690
291.000,179.070,6.600,5.700
291.310,178.910,6.600,5.690
291.630,178.750,6.600,5.690
291.940,178.590,6.600,5.690
292.230,178.390,6.600,5.700
292.510,178.200,6.600,5.690
292.800,178.010,6.600,5.690
293.080,177.810,6.600,5.700
293.360,177.620,6.600,5.690
293.650,177.430,6.600,5.690
293.930,177.240,6.600,5.690
294.220,177.040,6.600,5.700
294.500,176.850,6.600,5.690
294.780,176.660,6.600,5.690
295.070,176.470,6.600,5.690
295.350,176.270,6.600,5.690
295.640,176.080,6.600,5.690
295.920,175.890,6.600,5.690
296.200,175.690,6.600,5.700
296.490,175.500,6.600,5.690
296.770,175.310,6.600,5.690
297.060,175.120,6.600,5.690
297.340,174.920,6.600,5.700
297.620,174.730,6.600,5.690
297.850,174.670,6.600,5.690
298.070,174.610,6.600,5.690
298.290,174.550,6.600,5.690
298.520,174.490,6.600,5.690
298.740,174.430,6.600,5.690
298.960,174.370,6.600,5.690
299.190,174.300,6.600,5.700
299.410,174.240,6.600,5.700
299.630,174.180,6.600,5.700
299.860,174.120,6.600,5.690
300.080,174.060,6.600,5.690
300.300,174.000,6.600,5.690
300.520,173.940,6.600,5.690
300.750,173.880,6.600,5.690
300.970,173.820,6.600,5.690
301.190,173.760,6.600,5.690
301.420,173.700,6.600,5.690
301.640,173.640,6.600,5.690
301.860,173.570,6.600,5.700
302.090,173.510,6.600,5.700
302.380,173.380,6.600,5.690
302.680,173.250,6.600,5.690
302.970,173.120,6.600,5.690
303.260,172.990,6.600,5.690
303.560,172.850,6.600,5.700
303.850,172.720,6.600,5.690
304.150,172.590,6.600,5.690
304.440,172.460,6.600,5.690
304.730,172.330,6.600,5.690
305.030,172.190,6.600,5.700
305.320,172.060,6.600,5.700
305.620,171.930,6.600,5.690
305.910,171.800,6.600,5.690
306.200,171.670,6.600,5.690
306.500,171.540,6.600,5.690
306.790,171.400,6.600,5.700
307.090,171.270,6.600,5.690
307.380,171.140,6.600,5.690
307.680,171.010,6.600,5.690
307.970,170.880,6.600,5.690
308.210,170.760,6.600,5.700
308.460,170.650,6.600,5.700
308.700,170.540,6.600,5.690
308.940,170.430,6.600,5.690
309.190,170.320,6.600,5.690
309.430,170.210,6.600,5.690
309.670,170.090,6.600,5.700
309.920,169.980,6.600,5.700
310.160,169.870,6.600,5.690
310.400,169.760,6.600,5.690
310.650,169.650,6.600,5.690
310.890,169.540,6.600,5.690
311.130,169.430,6.600,5.690
311.380,169.310,6.600,5.700
311.620,169.200,6.600,5.690
311.870,169.090,6.600,5.690
312.110,168.980,6.600,5.690
312.350,168.870,6.600,5.690
312.600,168.760,6.600,5.690
312.840,168.640,6.600,5.700
313.060,168.500,6.600,5.690
313.290,168.360,6.600,5.690
313.510,168.220,6.600,5.690
313.730,168.080,6.600,5.690
313.950,167.930,6.600,5.700
314.180,167.790,6.600,5.690
314.400,167.650,6.600,5.690
314.620,167.510,6.600,5.690
314.850,167.370,6.600,5.690
315.070,167.220,6.600,5.700
315.290,167.080,6.600,5.690
315.520,166.940,6.600,5.690
315.740,166.800,6.600,5.690
315.960,166.660,6.600,5.690
316.190,166.510,6.600,5.700
316.410,166.370,6.600,5.690
316.630,166.230,6.600,5.690
316.860,166.090,6.600,5.690
317.080,165.950,6.600,5.690
317.300,165.800,6.600,5.700
317.520,165.660,6.600,5.690
317.750,165.520,6.600,5.690
317.970,165.380,6.600,5.690
318.190,165.240,6.600,5.690
318.420,165.090,6.600,5.700
318.640,164.950,6.600,5.690
318.860,164.810,6.600,5.690
319.090,164.670,6.600,5.690
319.310,164.530,6.600,5.690
319.530,164.380,6.600,5.700
319.760,164.240,6.600,5.690
319.980,164.100,6.600,5.690
320.200,163.960,6.600,5.690
320.430,163.820,6.600,5.690
320.650,163.670,6.600,5.700
320.870,163.530,6.600,5.690
321.090,163.390,6.600,5.690
321.320,163.250,6.600,5.690
321.540,163.110,6.600,5.690
321.760,162.960,6.600,5.700
322.050,162.840,6.600,5.690
322.330,162.720,6.600,5.690
322.620,162.600,6.600,5.690
322.900,162.480,6.600,5.690
323.180,162.360,6.600,5.690
323.470,162.230,6.600,5.700
323.750,162.110,6.600,5.690
324.040,161.990,6.600,5.690
324.320,161.870,6.600,5.690
324.600,161.750,6.600,5.690
324.890,161.620,6.600,5.700
325.170,161.500,6.600,5.700
325.460,161.380,6.600,5.690
325.740,161.260,6.600,5.690
326.020,161.140,6.600,5.690
326.310,161.020,6.600,5.690
326.590,160.890,6.600,5.700
326.880,160.770,6.600,5.690
327.160,160.650,6.600,5.690
327.440,160.530,6.600,5.690
327.660,160.410,6.600,5.690
327.870,160.290,6.600,5.690
328.080,160.160,6.600,5.700
328.300,160.040,6.600,5.690
328.510,159.920,6.600,5.690
328.720,159.800,6.600,5.690
328.930,159.680,6.600,5.690
329.150,159.560,6.600,5.690
329.360,159.430,6.600,5.700
329.570,159.310,6.600,5.690
329.790,159.190,6.600,5.690
330.000,159.070,6.600,5.690
330.210,158.950,6.600,5.690
330.430,158.830,6.600,5.690
330.640,158.700,6.600,5.700
330.850,158.580,6.600,5.690
331.060,158.460,6.600,5.690
331.280,158.340,6.600,5.690
331.490,158.220,6.600,5.690
331.700,158.100,6.600,5.690
331.930,157.930,6.600,5.700
332.150,157.770,6.600,5.690
332.370,157.610,6.600,5.690
332.600,157.450,6.600,5.690
332.820,157.280,6.600,5.700
333.040,157.120,6.600,5.690
333.270,156.960,6.600,5.690
333.490,156.800,6.600,5.690
333.710,156.630,6.600,5.700
333.930,156.470,6.600,5.690
334.220,156.350,6.600,5.690
334.500,156.230,6.600,5.690
334.790,156.110,6.600,5.690
335.070,155.990,6.600,5.690
335.350,155.860,6.600,5.700
335.640,155.740,6.600,5.690
335.920,155.620,6.600,5.690
336.210,155.500,6.600,5.690
336.490,155.380,6.600,5.690
336.770,155.250,6.600,5.700
336.940,155.150,6.600,5.700
337.100,155.050,6.600,5.690
337.260,154.950,6.600,5.690
337.420,154.850,6.600,5.690
337.580,154.750,6.600,5.690
337.750,154.650,6.600,5.690
337.910,154.540,6.600,5.700
338.070,154.440,6.600,5.700
338.230,154.340,6.600,5.690
338.400,154.240,6.600,5.690
338.450,154.120,6.600,5.690
338.490,154.000,6.600,5.690
338.540,153.880,6.600,5.690
338.590,153.750,6.600,5.700
338.640,153.630,6.600,5.690
338.690,153.510,6.600,5.690
338.740,153.390,6.600,5.690
338.790,153.270,6.600,5.690
338.830,153.150,6.600,5.690
338.880,153.020,6.600,5.700
339.030,153.070,6.600,5.690
339.170,153.120,6.610,5.690
339.320,153.170,6.600,5.690
339.470,153.220,6.600,5.690
339.610,153.270,6.600,5.690
339.760,153.320,6.600,5.690
339.910,153.360,6.600,5.700
340.050,153.410,6.600,5.690
340.200,153.460,6.600,5.690
340.340,153.510,6.600,5.690
340.540,153.490,6.600,5.690
340.730,153.460,6.600,5.690
340.930,153.440,6.600,5.690
341.120,153.410,6.600,5.690
341.320,153.390,6.600,5.690
341.510,153.360,6.600,5.700
341.710,153.340,6.600,5.690
341.900,153.310,6.600,5.700
342.100,153.290,6.600,5.690
342.290,153.270,6.600,5.690
342.530,153.140,6.600,5.700
342.780,153.020,6.600,5.690
343.020,152.900,6.600,5.690
343.260,152.780,6.600,5.690
343.510,152.660,6.600,5.690
343.750,152.540,6.600,5.690
343.990,152.410,6.600,5.700
344.240,152.290,6.600,5.690
344.363,152.281,6.511,5.651
344.485,152.272,6.421,5.613
344.608,152.263,6.332,5.574
344.730,152.254,6.292,5.535
344.853,152.245,6.290,5.497
344.975,152.236,6.289,5.458
345.098,152.227,6.287,5.419
345.220,152.218,6.285,5.380
345.343,152.208,6.283,5.342
345.465,152.199,6.281,5.303
345.588,152.190,6.279,5.264
345.710,152.181,6.277,5.226
345.833,152.172,6.275,5.187
345.956,152.163,6.273,5.148
346.078,152.154,6.271,5.110
346.201,152.145,6.269,5.071
346.323,152.136,6.267,5.032
346.446,152.127,6.266,4.994
346.568,152.118,6.264,4.955
346.691,152.109,6.262,4.916
346.813,152.100,6.260,4.877
346.936,152.091,6.258,4.839
347.058,152.082,6.256,4.800
347.181,152.072,6.254,4.761
347.303,152.063,6.252,4.732
347.426,152.054,6.250,4.742
347.549,152.045,6.248,4.752
347.671,152.036,6.246,4.761
347.749,152.027,6.289,4.771
347.818,152.018,6.340,4.781
347.888,152.009,6.392,4.790
347.957,152.000,6.443,4.800
348.011,152.033,6.430,4.768
348.065,152.065,6.417,4.737
348.120,152.098,6.404,4.705
348.174,152.131,6.391,4.673
348.228,152.163,6.378,4.642
348.283,152.196,6.364,4.610
348.337,152.229,6.351,4.579
348.391,152.261,6.338,4.547
348.445,152.294,6.325,4.515
348.500,152.280,6.312,4.530
348.554,152.262,6.299,4.550
348.608,152.243,6.286,4.569
348.662,152.225,6.273,4.589
348.717,152.207,6.260,4.608
348.771,152.188,6.246,4.628
348.825,152.170,6.233,4.647
348.879,152.151,6.220,4.667
348.934,152.133,6.207,4.686
348.988,152.115,6.194,4.706
349.042,152.096,6.181,4.725
349.097,152.078,6.168,4.744
349.151,152.059,6.155,4.764
349.205,152.041,6.142,4.783
349.259,152.022,6.129,4.803
349.314,152.004,6.115,4.822
349.368,151.986,6.102,4.842
349.422,151.967,6.089,4.861
349.476,151.949,6.076,4.881
349.531,151.930,6.063,4.900
349.585,151.912,6.050,4.920
349.639,151.893,6.037,4.939
349.693,151.875,6.024,4.959
349.748,151.857,6.011,4.978
349.802,151.838,5.997,4.998
349.856,151.820,5.984,5.017
349.910,151.801,5.971,5.037
349.965,151.783,5.958,5.056
350.019,151.764,5.945,5.076
350.073,151.746,5.932,5.095
350.128,151.728,5.919,5.115
350.182,151.709,5.906,5.134
350.236,151.691,5.893,5.154
350.290,151.672,5.880,5.173
350.345,151.654,5.866,5.192
350.399,151.635,5.877,5.212
350.453,151.617,5.902,5.231
350.507,151.599,5.928,5.251
350.562,151.580,5.953,5.270
350.616,151.562,5.978,5.290
350.670,151.543,6.003,5.309
350.724,151.525,6.028,5.329
350.779,151.507,6.054,5.348
350.833,151.488,6.079,5.368
350.887,151.470,6.104,5.387
350.941,151.451,6.129,5.415
350.996,151.433,6.154,5.471
351.050,151.414,6.180,5.527
351.104,151.396,6.205,5.583
351.159,151.378,6.230,5.639
351.213,151.359,6.255,5.695
351.267,151.341,6.280,5.751
351.321,151.322,6.306,5.807
351.376,151.304,6.331,5.863
351.430,151.285,6.356,5.919
351.484,151.267,6.381,5.975
351.538,151.249,6.406,6.031
351.593,151.230,6.432,6.087
351.647,151.212,6.457,6.143
351.701,151.193,6.482,6.199
351.875,151.233,6.392,6.304
352.049,151.273,6.301,6.409
352.223,151.313,6.210,6.514
352.397,151.353,6.120,6.619
352.330,150.919,6.120,6.619
352.264,150.486,6.120,6.619
352.197,150.353,6.120,6.619
352.173,150.358,6.120,6.619
352.150,150.363,6.120,6.619
352.126,150.369,6.120,6.619
352.102,150.374,6.120,6.619
352.079,150.379,6.120,6.619
352.055,150.384,6.120,6.619
352.031,150.390,6.120,6.619
352.008,150.395,6.120,6.619
351.984,150.400,6.120,6.619
351.960,150.405,6.120,6.619
351.936,150.411,6.120,6.619
351.913,150.416,6.120,6.619
351.889,150.421,6.120,6.619
351.865,150.426,6.120,6.619
351.842,150.432,6.120,6.619
351.818,150.437,6.120,6.619
351.794,150.442,6.120,6.619
351.771,150.448,6.120,6.619
351.747,150.453,6.120,6.619
351.723,150.458,6.120,6.619
351.700,150.463,6.120,6.619
351.676,150.469,6.120,6.619
351.652,150.474,6.120,6.619
351.629,150.479,6.120,6.619
351.605,150.484,6.120,6.619
351.581,150.490,6.120,6.619
351.558,150.495,6.120,6.619
351.534,150.500,6.120,6.619
351.510,150.505,6.120,6.619
351.486,150.511,6.120,6.619
351.463,150.516,6.120,6.619
351.439,150.521,6.120,6.619
351.415,150.526,6.120,6.619
351.392,150.532,6.120,6.619
351.368,150.537,6.120,6.619
351.344,150.542,6.120,6.619
351.321,150.548,6.120,6.619
351.297,150.553,6.120,6.619
351.274,150.549,6.120,6.619
351.251,150.545,6.120,6.619
351.228,150.541,6.120,6.619
351.205,150.537,6.120,6.619
351.182,150.534,6.120,6.619
351.159,150.530,6.120,6.619
351.135,150.526,6.120,6.619
351.112,150.522,6.120,6.619
351.089,150.518,6.120,6.619
351.066,150.514,6.120,6.619
351.043,150.510,6.120,6.619
351.020,150.507,6.120,6.619
350.997,150.503,6.120,6.619
350.974,150.499,6.120,6.619
350.951,150.495,6.120,6.619
350.928,150.491,6.120,6.619
350.905,150.487,6.120,6.619
350.882,150.484,6.120,6.619
350.859,150.480,6.120,6.619
350.835,150.476,6.120,6.619
350.812,150.472,6.120,6.619
350.789,150.468,6.120,6.619
350.766,150.464,6.120,6.619
350.743,150.460,6.120,6.619
350.720,150.457,6.120,6.619
350.697,150.453,6.120,6.619
350.997,150.419,6.120,6.619
351.297,150.386,6.120,6.619
351.597,150.353,6.120,6.619
351.664,150.336,6.120,6.619
351.730,150.319,6.120,6.619
351.797,150.303,6.120,6.619
351.864,150.286,6.120,6.619
351.930,150.269,6.120,6.619
351.997,150.253,6.120,6.619
