563.000,151.700,7.200,5.000
562.116,151.874,7.232,5.005
561.232,152.047,7.263,5.011
560.347,152.221,7.295,5.016
559.463,152.395,7.326,5.021
558.579,152.568,7.358,5.026
557.695,152.742,7.389,5.032
556.811,152.916,7.421,5.037
555.926,153.089,7.453,5.042
555.042,153.263,7.484,5.047
554.158,153.437,7.516,5.053
553.274,153.611,7.547,5.058
552.389,153.784,7.579,5.063
551.505,153.958,7.611,5.068
550.621,154.132,7.642,5.074
549.737,154.305,7.674,5.079
548.853,154.479,7.705,5.084
547.968,154.653,7.737,5.089
547.084,154.826,7.768,5.095
546.200,155.000,7.800,5.100
545.305,155.112,7.798,5.093
544.410,155.224,7.796,5.085
543.516,155.336,7.794,5.078
542.621,155.448,7.793,5.070
541.726,155.560,7.791,5.063
540.831,155.672,7.789,5.055
539.937,155.784,7.787,5.048
539.042,155.896,7.785,5.040
538.147,156.008,7.783,5.033
537.252,156.120,7.781,5.025
536.357,156.232,7.779,5.018
535.463,156.344,7.778,5.010
534.568,156.456,7.776,5.003
533.673,156.568,7.774,4.995
532.778,156.680,7.772,4.988
531.884,156.792,7.770,4.980
530.989,156.904,7.768,4.973
530.094,157.016,7.766,4.965
529.199,157.128,7.765,4.958
528.304,157.240,7.763,4.950
527.410,157.352,7.761,4.943
526.515,157.464,7.759,4.935
525.620,157.576,7.757,4.928
524.725,157.688,7.755,4.920
523.830,157.800,7.753,4.913
522.936,157.912,7.752,4.905
522.041,158.024,7.750,4.898
521.146,158.136,7.748,4.890
520.251,158.248,7.746,4.883
519.357,158.360,7.744,4.875
518.462,158.472,7.742,4.868
517.558,158.498,7.739,4.859
516.655,158.525,7.736,4.850
515.751,158.551,7.733,4.840
514.847,158.577,7.730,4.831
513.944,158.603,7.727,4.822
513.040,158.630,7.724,4.813
512.137,158.656,7.721,4.804
511.233,158.682,7.718,4.795
510.329,158.708,7.715,4.785
509.426,158.735,7.712,4.776
508.522,158.761,7.709,4.767
507.619,158.787,7.706,4.758
506.715,158.813,7.702,4.749
505.811,158.840,7.699,4.740
504.908,158.866,7.696,4.730
504.004,158.892,7.693,4.721
503.101,158.919,7.690,4.712
502.197,158.945,7.687,4.703
501.293,158.971,7.684,4.694
500.390,158.997,7.681,4.685
499.486,159.024,7.678,4.675
498.583,159.050,7.675,4.666
497.679,159.076,7.672,4.657
496.775,159.102,7.669,4.648
495.872,159.129,7.666,4.639
494.968,159.155,7.663,4.630
494.065,159.181,7.660,4.620
493.161,159.207,7.657,4.611
492.257,159.234,7.654,4.602
491.354,159.260,7.651,4.593
490.450,159.286,7.647,4.584
489.547,159.312,7.644,4.575
488.643,159.339,7.641,4.565
487.739,159.365,7.638,4.556
486.836,159.391,7.635,4.547
485.932,159.417,7.632,4.538
485.041,159.436,7.632,4.538
484.150,159.454,7.632,4.538
483.259,159.472,7.632,4.538
482.368,159.490,7.632,4.538
481.478,159.508,7.632,4.538
480.587,159.526,7.632,4.538
479.696,159.545,7.632,4.538
478.805,159.563,7.632,4.538
477.914,159.581,7.632,4.538
477.023,159.599,7.632,4.538
476.132,159.617,7.632,4.538
475.432,159.951,7.632,4.538
474.732,160.284,7.632,4.538
474.032,160.617,7.632,4.538
473.150,160.629,7.637,4.552
472.268,160.641,7.642,4.566
471.385,160.653,7.647,4.580
470.503,160.665,7.651,4.593
469.621,160.676,7.656,4.607
468.738,160.688,7.661,4.621
467.856,160.700,7.666,4.635
466.974,160.712,7.670,4.649
466.091,160.724,7.675,4.663
465.209,160.735,7.680,4.677
464.327,160.747,7.685,4.691
463.445,160.759,7.690,4.704
462.562,160.771,7.694,4.718
461.680,160.782,7.699,4.732
460.798,160.794,7.704,4.746
459.915,160.806,7.709,4.760
459.033,160.818,7.713,4.774
458.151,160.830,7.718,4.788
457.234,160.871,7.720,4.792
456.318,160.912,7.721,4.797
455.402,160.953,7.722,4.801
454.486,160.994,7.724,4.805
453.570,161.035,7.725,4.810
452.653,161.076,7.726,4.814
451.737,161.117,7.728,4.819
450.821,161.158,7.729,4.823
449.905,161.199,7.730,4.828
448.989,161.240,7.732,4.832
448.072,161.281,7.733,4.837
447.156,161.322,7.734,4.841
446.240,161.363,7.736,4.846
445.324,161.404,7.737,4.850
444.408,161.445,7.738,4.855
443.491,161.486,7.740,4.859
442.575,161.527,7.741,4.864
441.722,161.622,7.744,4.885
440.870,161.717,7.747,4.907
440.017,161.812,7.750,4.929
439.164,161.907,7.753,4.950
438.311,162.002,7.756,4.972
437.459,162.097,7.759,4.994
436.606,162.191,7.762,5.016
435.753,162.286,7.765,5.037
434.900,162.381,7.768,5.059
434.047,162.476,7.771,5.081
433.195,162.571,7.774,5.102
432.342,162.666,7.777,5.124
431.489,162.760,7.780,5.146
430.636,162.855,7.783,5.168
429.784,162.950,7.786,5.189
428.931,163.045,7.789,5.211
428.078,163.140,7.792,5.233
427.225,163.235,7.795,5.254
426.372,163.330,7.798,5.276
425.520,163.424,7.801,5.298
424.667,163.519,7.804,5.320
423.814,163.614,7.807,5.341
422.961,163.709,7.810,5.363
422.109,163.804,7.813,5.385
421.256,163.899,7.816,5.406
420.403,163.993,7.819,5.428
419.550,164.088,7.822,5.450
418.697,164.183,7.825,5.472
417.845,164.278,7.828,5.493
416.992,164.373,7.831,5.515
416.139,164.468,7.834,5.537
415.286,164.562,7.837,5.558
414.434,164.657,7.840,5.580
413.581,164.752,7.843,5.602
412.728,164.847,7.846,5.624
411.875,164.942,7.849,5.645
411.041,165.149,7.849,5.645
410.206,165.356,7.849,5.645
409.372,165.563,7.849,5.645
408.537,165.769,7.849,5.645
407.703,165.976,7.849,5.645
406.868,166.183,7.849,5.645
406.034,166.390,7.849,5.645
405.199,166.597,7.849,5.645
404.365,166.804,7.849,5.645
403.530,167.011,7.849,5.645
402.696,167.218,7.849,5.645
401.861,167.425,7.849,5.645
401.027,167.632,7.849,5.645
400.192,167.838,7.849,5.645
399.358,168.045,7.849,5.645
398.524,168.252,7.849,5.645
397.689,168.459,7.849,5.645
396.855,168.666,7.849,5.645
396.020,168.873,7.849,5.645
395.186,169.080,7.849,5.645
394.351,169.287,7.849,5.645
393.517,169.494,7.849,5.645
392.682,169.700,7.849,5.645
391.848,169.907,7.849,5.645
391.013,170.114,7.849,5.645
390.179,170.321,7.849,5.645
389.344,170.528,7.849,5.645
388.510,170.735,7.849,5.645
387.675,170.942,7.849,5.645
386.862,171.243,7.844,5.662
386.049,171.544,7.838,5.679
385.236,171.845,7.832,5.695
384.423,172.146,7.827,5.712
383.610,172.447,7.821,5.729
382.797,172.748,7.815,5.745
381.984,173.049,7.810,5.762
381.171,173.350,7.804,5.778
380.358,173.651,7.798,5.795
379.545,173.952,7.793,5.812
378.732,174.254,7.787,5.828
377.919,174.555,7.781,5.845
377.106,174.856,7.776,5.862
376.293,175.157,7.770,5.878
375.480,175.458,7.764,5.895
374.667,175.759,7.759,5.911
373.854,176.060,7.753,5.928
373.041,176.361,7.747,5.945
372.228,176.662,7.741,5.961
371.415,176.963,7.736,5.978
370.602,177.264,7.730,5.995
369.789,177.565,7.724,6.011
368.976,177.866,7.719,6.028
368.163,178.167,7.713,6.045
367.350,178.468,7.707,6.061
366.537,178.769,7.702,6.078
365.724,179.071,7.696,6.094
364.911,179.372,7.690,6.111
364.098,179.673,7.685,6.128
363.285,179.974,7.679,6.144
362.472,180.275,7.673,6.161
361.659,180.576,7.668,6.178
360.846,180.877,7.662,6.194
360.033,181.178,7.656,6.211
359.220,181.479,7.650,6.228
358.407,181.780,7.645,6.244
357.594,182.081,7.639,6.261
356.848,182.463,7.639,6.261
356.101,182.844,7.639,6.261
355.355,183.225,7.639,6.261
354.608,183.607,7.639,6.261
353.862,183.988,7.639,6.261
353.115,184.370,7.639,6.261
352.369,184.751,7.639,6.261
351.622,185.132,7.639,6.261
350.876,185.514,7.639,6.261
350.129,185.895,7.639,6.261
349.383,186.276,7.639,6.261
348.636,186.658,7.639,6.261
347.890,187.039,7.639,6.261
347.143,187.421,7.639,6.261
346.397,187.802,7.639,6.261
345.650,188.183,7.639,6.261
344.904,188.565,7.639,6.261
344.157,188.946,7.639,6.261
343.411,189.328,7.639,6.261
342.664,189.709,7.639,6.261
341.918,190.090,7.639,6.261
341.171,190.472,7.639,6.261
340.425,190.853,7.639,6.261
339.678,191.235,7.639,6.261
338.932,191.616,7.639,6.261
338.185,191.997,7.639,6.261
337.439,192.379,7.639,6.261
336.692,192.760,7.639,6.261
335.945,193.142,7.639,6.261
335.199,193.523,7.639,6.261
334.452,193.904,7.639,6.261
333.706,194.286,7.639,6.261
332.959,194.667,7.639,6.261
332.213,195.049,7.639,6.261
331.466,195.430,7.639,6.261
330.720,195.811,7.639,6.261
329.973,196.193,7.639,6.261
329.227,196.574,7.639,6.261
328.480,196.956,7.639,6.261
327.734,197.337,7.639,6.261
326.987,197.718,7.639,6.261
326.241,198.100,7.639,6.261
325.494,198.481,7.639,6.261
324.737,198.881,7.639,6.261
323.980,199.281,7.639,6.261
323.223,199.681,7.639,6.261
322.466,200.081,7.639,6.261
321.709,200.481,7.639,6.261
320.951,200.881,7.639,6.261
320.194,201.281,7.639,6.261
319.028,201.481,7.639,6.261
317.861,201.681,7.639,6.261
316.694,201.881,7.639,6.261
315.954,202.291,7.639,6.261
315.214,202.701,7.639,6.261
314.474,203.111,7.639,6.261
313.734,203.521,7.639,6.261
312.994,203.931,7.639,6.261
312.254,204.341,7.639,6.261
311.514,204.751,7.639,6.261
310.774,205.161,7.639,6.261
310.034,205.571,7.639,6.261
309.294,205.981,7.639,6.261
308.554,206.391,7.639,6.261
307.814,206.801,7.639,6.261
307.074,207.211,7.639,6.261
306.334,207.621,7.639,6.261
305.594,208.031,7.639,6.261
304.854,208.441,7.639,6.261
304.114,208.851,7.639,6.261
303.374,209.261,7.639,6.261
302.634,209.671,7.639,6.261
301.894,210.081,7.639,6.261
301.143,210.470,7.639,6.261
300.392,210.860,7.639,6.261
299.640,211.249,7.639,6.261
298.889,211.638,7.639,6.261
298.138,212.027,7.639,6.261
297.386,212.416,7.639,6.261
296.635,212.805,7.639,6.261
295.884,213.195,7.639,6.261
295.132,213.584,7.639,6.261
294.381,213.973,7.639,6.261
293.629,214.362,7.639,6.261
292.878,214.751,7.639,6.261
292.127,215.141,7.639,6.261
291.375,215.530,7.639,6.261
290.624,215.919,7.639,6.261
289.873,216.308,7.639,6.261
289.121,216.697,7.639,6.261
288.370,217.087,7.639,6.261
287.619,217.476,7.639,6.261
286.867,217.865,7.639,6.261
286.116,218.254,7.639,6.261
285.365,218.643,7.639,6.261
284.613,219.032,7.639,6.261
283.862,219.422,7.639,6.261
283.111,219.811,7.639,6.261
282.359,220.200,7.639,6.261
281.608,220.589,7.639,6.261
280.856,220.978,7.639,6.261
280.105,221.368,7.639,6.261
279.354,221.757,7.639,6.261
278.602,222.146,7.639,6.261
277.851,222.535,7.639,6.261
277.100,222.924,7.639,6.261
276.348,223.314,7.639,6.261
275.597,223.703,7.639,6.261
274.846,224.092,7.639,6.261
274.094,224.481,7.639,6.261
273.344,224.864,7.639,6.261
272.594,225.246,7.639,6.261
271.844,225.629,7.639,6.261
271.094,226.012,7.639,6.261
270.344,226.394,7.639,6.261
269.594,226.777,7.639,6.261
268.844,227.159,7.639,6.261
268.094,227.542,7.639,6.261
267.344,227.925,7.639,6.261
266.594,228.307,7.639,6.261
265.844,228.690,7.639,6.261
265.094,229.072,7.639,6.261
264.344,229.455,7.639,6.261
263.594,229.838,7.639,6.261
262.844,230.220,7.639,6.261
262.094,230.603,7.639,6.261
261.344,230.985,7.639,6.261
260.594,231.368,7.639,6.261
259.844,231.751,7.639,6.261
259.094,232.133,7.639,6.261
258.344,232.516,7.639,6.261
257.594,232.899,7.639,6.261
256.844,233.281,7.639,6.261
256.094,233.664,7.639,6.261
255.344,234.046,7.639,6.261
254.594,234.429,7.639,6.261
253.844,234.812,7.639,6.261
253.094,235.194,7.639,6.261
252.344,235.577,7.639,6.261
251.594,235.959,7.639,6.261
250.844,236.342,7.639,6.261
250.094,236.725,7.639,6.261
249.344,237.107,7.639,6.261
248.594,237.490,7.639,6.261
247.844,237.872,7.639,6.261
247.094,238.255,7.639,6.261
246.344,238.638,7.639,6.261
245.594,239.020,7.639,6.261
244.844,239.403,7.639,6.261
244.094,239.785,7.639,6.261
243.344,240.168,7.639,6.261
242.594,240.551,7.639,6.261
241.844,240.933,7.639,6.261
241.094,241.316,7.639,6.261
240.344,241.699,7.639,6.261
239.594,242.081,7.639,6.261
238.857,242.473,7.639,6.261
238.119,242.864,7.639,6.261
237.382,243.256,7.639,6.261
236.644,243.648,7.639,6.261
235.907,244.039,7.639,6.261
235.169,244.431,7.639,6.261
234.432,244.823,7.639,6.261
233.694,245.214,7.639,6.261
232.957,245.606,7.639,6.261
232.219,245.998,7.639,6.261
231.482,246.389,7.639,6.261
230.744,246.781,7.639,6.261
230.007,247.173,7.639,6.261
229.269,247.564,7.639,6.261
228.532,247.956,7.639,6.261
227.794,248.348,7.639,6.261
227.057,248.739,7.639,6.261
226.319,249.131,7.639,6.261
225.582,249.523,7.639,6.261
224.844,249.914,7.639,6.261
224.107,250.306,7.639,6.261
223.369,250.698,7.639,6.261
222.632,251.089,7.639,6.261
221.894,251.481,7.639,6.261
221.157,251.873,7.639,6.261
220.419,252.264,7.639,6.261
219.682,252.656,7.639,6.261
218.944,253.048,7.639,6.261
218.207,253.439,7.639,6.261
217.469,253.831,7.639,6.261
216.732,254.223,7.639,6.261
215.994,254.614,7.639,6.261
215.257,255.006,7.639,6.261
214.519,255.398,7.639,6.261
213.782,255.789,7.639,6.261
213.044,256.181,7.639,6.261
212.307,256.573,7.639,6.261
211.569,256.964,7.639,6.261
210.832,257.356,7.639,6.261
210.094,257.748,7.639,6.261
209.357,258.139,7.639,6.261
208.619,258.531,7.639,6.261
207.882,258.923,7.639,6.261
207.144,259.314,7.639,6.261
206.407,259.706,7.639,6.261
205.669,260.098,7.639,6.261
204.932,260.489,7.639,6.261
204.194,260.881,7.639,6.261
203.412,261.290,7.639,6.261
202.629,261.699,7.639,6.261
201.846,262.107,7.639,6.261
201.064,262.516,7.639,6.261
200.281,262.925,7.639,6.261
199.499,263.333,7.639,6.261
198.716,263.742,7.639,6.261
197.933,264.151,7.639,6.261
197.151,264.559,7.639,6.261
196.368,264.968,7.639,6.261
195.586,265.377,7.639,6.261
194.803,265.785,7.639,6.261
194.020,266.194,7.639,6.261
193.238,266.603,7.639,6.261
192.455,267.012,7.639,6.261
191.673,267.420,7.639,6.261
190.890,267.829,7.639,6.261
190.107,268.238,7.639,6.261
189.325,268.646,7.639,6.261
188.542,269.055,7.639,6.261
187.760,269.464,7.639,6.261
186.977,269.872,7.639,6.261
186.194,270.281,7.639,6.261
185.412,270.690,7.639,6.261
184.629,271.099,7.639,6.261
183.846,271.507,7.639,6.261
183.064,271.916,7.639,6.261
182.281,272.325,7.639,6.261
181.499,272.733,7.639,6.261
180.716,273.142,7.639,6.261
179.933,273.551,7.639,6.261
179.151,273.959,7.639,6.261
178.368,274.368,7.639,6.261
177.586,274.777,7.639,6.261
176.803,275.185,7.639,6.261
176.020,275.594,7.639,6.261
175.238,276.003,7.639,6.261
174.455,276.412,7.639,6.261
173.673,276.820,7.639,6.261
172.890,277.229,7.639,6.261
172.107,277.638,7.639,6.261
171.325,278.046,7.639,6.261
170.542,278.455,7.639,6.261
169.760,278.864,7.639,6.261
168.977,279.272,7.639,6.261
168.194,279.681,7.639,6.261
167.411,280.053,7.639,6.261
166.628,280.425,7.639,6.261
165.845,280.796,7.639,6.261
165.062,281.168,7.639,6.261
164.279,281.540,7.639,6.261
163.496,281.911,7.639,6.261
162.713,282.283,7.639,6.261
161.930,282.655,7.639,6.261
161.147,283.026,7.639,6.261
160.364,283.398,7.639,6.261
159.581,283.770,7.639,6.261
158.798,284.142,7.639,6.261
158.015,284.513,7.639,6.261
157.232,284.885,7.639,6.261
156.449,285.257,7.639,6.261
155.666,285.628,7.639,6.261
154.883,286.000,7.639,6.261
154.100,286.372,7.639,6.261
153.317,286.743,7.639,6.261
152.534,287.115,7.639,6.261
151.751,287.487,7.639,6.261
150.968,287.858,7.639,6.261
150.185,288.230,7.639,6.261
149.402,288.602,7.639,6.261
148.619,288.974,7.639,6.261
147.836,289.345,7.639,6.261
147.053,289.717,7.639,6.261
146.270,290.089,7.639,6.261
145.487,290.460,7.639,6.261
144.704,290.832,7.639,6.261
143.921,291.204,7.639,6.261
143.138,291.575,7.639,6.261
142.355,291.947,7.639,6.261
141.572,292.319,7.639,6.261
140.789,292.691,7.639,6.261
140.006,293.062,7.639,6.261
139.223,293.434,7.639,6.261
138.440,293.806,7.639,6.261
137.657,294.177,7.639,6.261
136.874,294.549,7.639,6.261
136.091,294.921,7.639,6.261
135.308,295.292,7.639,6.261
134.525,295.664,7.639,6.261
133.741,296.036,7.639,6.261
132.958,296.408,7.639,6.261
132.175,296.779,7.639,6.261
131.392,297.151,7.639,6.261
130.609,297.523,7.639,6.261
129.826,297.894,7.639,6.261
129.043,298.266,7.639,6.261
128.260,298.638,7.639,6.261
127.477,299.009,7.639,6.261
126.694,299.381,7.639,6.261
125.769,299.906,7.639,6.261
124.844,300.431,7.639,6.261
123.919,300.956,7.639,6.261
122.994,301.481,7.639,6.261
122.069,302.006,7.639,6.261
121.144,302.531,7.639,6.261
120.219,303.056,7.639,6.261
119.294,303.581,7.639,6.261
118.061,303.948,7.639,6.261
116.828,304.314,7.639,6.261
115.594,304.681,7.639,6.261
114.808,305.045,7.639,6.261
114.022,305.408,7.639,6.261
113.235,305.772,7.639,6.261
112.449,306.136,7.639,6.261
111.663,306.499,7.639,6.261
110.876,306.863,7.639,6.261
110.090,307.227,7.639,6.261
109.303,307.590,7.639,6.261
108.517,307.954,7.639,6.261
107.731,308.317,7.639,6.261
106.944,308.681,7.639,6.261
106.158,309.045,7.639,6.261
105.372,309.408,7.639,6.261
104.585,309.772,7.639,6.261
103.799,310.136,7.639,6.261
103.013,310.499,7.639,6.261
102.226,310.863,7.639,6.261
101.440,311.227,7.639,6.261
100.653,311.590,7.639,6.261
99.867,311.954,7.639,6.261
99.081,312.317,7.639,6.261
98.294,312.681,7.639,6.261
97.512,313.024,7.644,6.254
96.731,313.367,7.648,6.246
95.949,313.709,7.653,6.239
95.167,314.052,7.657,6.232
94.385,314.395,7.662,6.224
93.603,314.738,7.666,6.217
92.822,315.081,7.671,6.210
92.040,315.423,7.675,6.202
91.258,315.766,7.680,6.195
90.476,316.109,7.684,6.188
89.694,316.452,7.689,6.180
88.912,316.795,7.693,6.173
88.131,317.137,7.698,6.166
87.349,317.480,7.702,6.158
86.567,317.823,7.707,6.151
85.785,318.166,7.711,6.144
85.003,318.508,7.716,6.136
84.221,318.851,7.720,6.129
83.440,319.194,7.725,6.122
82.658,319.537,7.729,6.114
81.876,319.880,7.734,6.107
81.094,320.222,7.738,6.100
80.312,320.565,7.743,6.092
79.530,320.908,7.747,6.085
78.709,321.186,7.747,6.085
77.887,321.464,7.747,6.085
77.065,321.743,7.747,6.085
76.243,322.021,7.747,6.085
75.422,322.299,7.747,6.085
74.600,322.578,7.747,6.085
73.778,322.856,7.747,6.085
72.957,323.134,7.747,6.085
72.135,323.412,7.747,6.085
71.313,323.691,7.747,6.085
70.491,323.969,7.747,6.085
69.670,324.247,7.747,6.085
68.848,324.525,7.747,6.085
68.026,324.804,7.747,6.085
67.204,325.082,7.747,6.085
66.383,325.360,7.747,6.085
65.561,325.638,7.747,6.085
64.739,325.917,7.747,6.085
63.919,326.162,7.750,6.072
63.099,326.407,7.752,6.059
62.279,326.653,7.755,6.046
61.458,326.898,7.758,6.033
60.638,327.143,7.760,6.021
59.818,327.389,7.763,6.008
58.998,327.634,7.766,5.995
58.178,327.879,7.769,5.982
57.358,328.125,7.771,5.969
56.537,328.370,7.774,5.956
55.717,328.615,7.777,5.943
54.897,328.861,7.779,5.930
54.077,329.106,7.782,5.917
53.257,329.351,7.785,5.905
52.436,329.597,7.787,5.892
51.616,329.842,7.790,5.879
50.796,330.087,7.793,5.866
49.976,330.333,7.795,5.853
49.156,330.578,7.798,5.840
48.336,330.823,7.801,5.827
47.515,331.069,7.803,5.814
46.695,331.314,7.806,5.801
45.875,331.559,7.809,5.789
45.055,331.805,7.811,5.776
44.235,332.050,7.814,5.763
43.415,332.295,7.817,5.750
42.594,332.541,7.819,5.737
41.774,332.786,7.822,5.724
40.954,333.031,7.825,5.711
40.134,333.277,7.827,5.698
39.314,333.522,7.830,5.686
38.493,333.767,7.833,5.673
37.673,334.013,7.835,5.660
36.853,334.258,7.838,5.647
36.033,334.503,7.841,5.634
35.213,334.749,7.843,5.621
34.393,334.994,7.846,5.608
33.572,335.239,7.849,5.595
32.752,335.485,7.852,5.582
31.953,335.649,7.851,5.567
31.153,335.814,7.850,5.551
30.354,335.978,7.849,5.535
29.555,336.143,7.848,5.519
28.755,336.308,7.847,5.504
27.956,336.472,7.846,5.488
27.156,336.637,7.845,5.472
26.357,336.801,7.844,5.456
25.558,336.966,7.843,5.440
24.758,337.130,7.842,5.425
23.959,337.295,7.841,5.409
23.160,337.460,7.840,5.393
22.360,337.624,7.840,5.377
21.561,337.789,7.839,5.361
20.761,337.953,7.838,5.346
19.962,338.118,7.837,5.330
19.163,338.283,7.836,5.314
18.143,338.303,7.836,5.314
17.123,338.323,7.836,5.314
16.103,338.343,7.836,5.314
15.083,338.363,7.836,5.314
14.063,338.383,7.836,5.314
13.281,338.563,7.828,5.281
12.500,338.744,7.821,5.248
11.719,338.925,7.814,5.215
10.938,339.106,7.806,5.181
10.156,339.287,7.799,5.148
9.375,339.468,7.791,5.115
8.594,339.649,7.784,5.082
7.813,339.829,7.776,5.049
7.032,340.010,7.769,5.015
6.250,340.191,7.761,4.982
5.346,340.339,7.744,4.930
4.441,340.487,7.727,4.878
3.536,340.635,7.709,4.825
2.631,340.782,7.692,4.773
1.726,340.930,7.675,4.721
0.821,341.078,7.657,4.668
-0.084,341.226,7.640,4.616
-0.989,341.374,7.623,4.564
