155.100,155.700,4.800,5.200
155.288,156.123,4.795,5.200
155.476,156.545,4.791,5.199
155.665,156.968,4.786,5.199
155.853,157.390,4.782,5.199
156.041,157.813,4.777,5.198
156.229,158.236,4.773,5.198
156.418,158.658,4.768,5.198
156.606,159.081,4.764,5.197
156.794,159.504,4.759,5.197
156.982,159.926,4.755,5.197
157.171,160.349,4.750,5.196
157.359,160.771,4.745,5.196
157.547,161.194,4.741,5.196
157.735,161.617,4.736,5.195
157.924,162.039,4.732,5.195
158.112,162.462,4.727,5.195
158.300,162.884,4.723,5.194
158.488,163.307,4.718,5.194
158.677,163.730,4.714,5.193
158.865,164.152,4.709,5.193
159.053,164.575,4.705,5.193
159.241,164.997,4.700,5.192
159.429,165.420,4.695,5.192
159.618,165.843,4.691,5.192
159.806,166.265,4.686,5.191
159.994,166.688,4.682,5.191
160.182,167.111,4.677,5.191
160.360,167.499,4.677,5.191
160.537,167.888,4.677,5.191
160.714,168.276,4.677,5.191
160.891,168.665,4.677,5.191
161.068,169.053,4.677,5.191
161.245,169.442,4.677,5.191
161.422,169.831,4.677,5.191
161.600,170.219,4.677,5.191
161.777,170.608,4.677,5.191
161.954,170.996,4.677,5.191
162.131,171.385,4.677,5.191
162.308,171.773,4.677,5.191
162.485,172.162,4.677,5.191
162.662,172.551,4.677,5.191
162.840,172.939,4.677,5.191
163.017,173.328,4.677,5.191
163.194,173.716,4.677,5.191
163.371,174.105,4.677,5.191
163.548,174.493,4.677,5.191
163.725,174.882,4.677,5.191
163.902,175.271,4.677,5.191
164.080,175.659,4.677,5.191
164.257,176.048,4.677,5.191
164.434,176.436,4.677,5.191
164.611,176.825,4.677,5.191
164.788,177.213,4.677,5.191
164.965,177.602,4.677,5.191
165.142,177.991,4.677,5.191
165.320,178.379,4.677,5.191
165.497,178.768,4.677,5.191
165.674,179.156,4.677,5.191
165.851,179.545,4.677,5.191
166.028,179.933,4.677,5.191
166.205,180.322,4.677,5.191
166.382,180.711,4.677,5.191
166.528,181.019,4.680,5.191
166.674,181.328,4.683,5.191
166.820,181.637,4.686,5.191
166.966,181.946,4.689,5.191
167.112,182.255,4.692,5.192
167.258,182.564,4.695,5.192
167.404,182.873,4.698,5.192
167.550,183.181,4.701,5.192
167.696,183.490,4.704,5.192
167.841,183.799,4.706,5.192
167.987,184.108,4.709,5.192
168.133,184.417,4.712,5.193
168.279,184.726,4.715,5.193
168.425,185.035,4.718,5.193
168.571,185.343,4.721,5.193
168.717,185.652,4.724,5.193
168.863,185.961,4.727,5.193
169.009,186.270,4.730,5.194
169.155,186.579,4.733,5.194
169.301,186.888,4.736,5.194
169.446,187.197,4.739,5.194
169.592,187.506,4.741,5.194
169.738,187.814,4.744,5.194
169.884,188.123,4.747,5.195
170.030,188.432,4.750,5.195
170.176,188.741,4.753,5.195
170.322,189.050,4.756,5.195
170.468,189.359,4.759,5.195
170.614,189.668,4.762,5.195
170.760,189.976,4.765,5.196
170.905,190.285,4.768,5.196
171.051,190.594,4.771,5.196
171.197,190.903,4.773,5.196
171.343,191.212,4.776,5.196
171.489,191.521,4.779,5.196
171.635,191.830,4.782,5.196
171.781,192.139,4.785,5.197
171.927,192.447,4.788,5.197
172.073,192.756,4.791,5.197
172.219,193.065,4.794,5.197
172.365,193.374,4.797,5.197
172.510,193.683,4.800,5.197
172.656,193.992,4.803,5.198
172.802,194.301,4.806,5.198
172.948,194.609,4.808,5.198
173.094,194.918,4.811,5.198
173.240,195.227,4.814,5.198
173.386,195.536,4.817,5.198
173.532,195.845,4.820,5.199
173.678,196.154,4.823,5.199
173.824,196.463,4.826,5.199
173.970,196.772,4.829,5.199
174.115,197.080,4.832,5.199
174.261,197.389,4.835,5.199
174.407,197.698,4.838,5.200
174.565,197.998,4.838,5.200
174.723,198.298,4.838,5.200
174.881,198.598,4.838,5.200
175.039,198.898,4.838,5.200
175.197,199.198,4.838,5.200
175.355,199.498,4.838,5.200
175.512,199.798,4.838,5.200
175.670,200.098,4.838,5.200
175.828,200.398,4.838,5.200
175.986,200.698,4.838,5.200
176.144,200.998,4.838,5.200
176.302,201.298,4.838,5.200
176.460,201.598,4.838,5.200
176.618,201.898,4.838,5.200
176.776,202.198,4.838,5.200
176.934,202.498,4.838,5.200
177.091,202.798,4.838,5.200
177.249,203.098,4.838,5.200
177.407,203.398,4.838,5.200
177.604,203.678,4.851,5.197
177.800,203.957,4.864,5.194
177.997,204.237,4.877,5.191
178.194,204.516,4.891,5.188
178.390,204.796,4.904,5.185
178.587,205.076,4.917,5.183
178.784,205.355,4.931,5.180
178.980,205.635,4.944,5.177
179.177,205.914,4.957,5.174
179.373,206.194,4.970,5.171
179.570,206.474,4.984,5.169
179.767,206.753,4.997,5.166
179.963,207.033,5.010,5.163
180.160,207.312,5.024,5.160
180.357,207.592,5.037,5.157
180.553,207.872,5.050,5.154
180.750,208.151,5.063,5.152
180.947,208.431,5.077,5.149
181.143,208.710,5.090,5.146
181.340,208.990,5.103,5.143
181.536,209.270,5.117,5.140
181.733,209.549,5.130,5.138
181.930,209.829,5.143,5.135
182.126,210.108,5.156,5.132
182.323,210.388,5.170,5.129
182.520,210.668,5.183,5.126
182.716,210.947,5.196,5.124
182.913,211.227,5.210,5.121
183.109,211.506,5.223,5.118
183.306,211.786,5.236,5.115
183.503,212.066,5.249,5.112
183.699,212.345,5.263,5.109
183.896,212.625,5.276,5.107
184.093,212.904,5.289,5.104
184.289,213.184,5.303,5.101
184.486,213.464,5.316,5.098
184.682,213.743,5.329,5.095
184.879,214.023,5.342,5.093
185.126,214.297,5.350,5.086
185.373,214.571,5.357,5.079
185.620,214.846,5.365,5.072
185.867,215.120,5.372,5.065
186.114,215.394,5.379,5.058
186.361,215.669,5.387,5.051
186.608,215.943,5.394,5.044
186.855,216.217,5.402,5.037
187.102,216.492,5.409,5.030
187.349,216.766,5.417,5.023
187.596,217.040,5.424,5.016
187.843,217.315,5.431,5.009
188.090,217.589,5.439,5.002
188.337,217.864,5.446,4.995
188.584,218.138,5.454,4.988
188.831,218.412,5.461,4.981
189.078,218.687,5.468,4.974
189.325,218.961,5.476,4.967
189.572,219.235,5.483,4.960
189.819,219.510,5.491,4.953
190.066,219.784,5.498,4.946
190.313,220.058,5.506,4.939
190.560,220.333,5.513,4.932
190.807,220.607,5.520,4.925
191.132,220.839,5.525,4.914
191.458,221.070,5.529,4.903
191.783,221.302,5.534,4.893
192.109,221.534,5.538,4.882
192.434,221.766,5.543,4.871
192.760,221.997,5.547,4.861
193.085,222.229,5.551,4.850
193.411,222.461,5.556,4.839
193.736,222.692,5.560,4.829
194.062,222.924,5.565,4.818
194.387,223.156,5.569,4.807
194.713,223.388,5.574,4.797
195.038,223.619,5.578,4.786
195.364,223.851,5.582,4.775
195.689,224.083,5.587,4.765
196.015,224.315,5.591,4.754
196.340,224.546,5.596,4.743
196.666,224.778,5.600,4.733
196.991,225.010,5.605,4.722
197.317,225.241,5.609,4.711
197.642,225.473,5.613,4.701
197.968,225.705,5.618,4.690
198.293,225.937,5.622,4.679
198.619,226.168,5.627,4.669
198.944,226.400,5.631,4.658
199.270,226.632,5.636,4.647
199.643,226.819,5.635,4.629
200.016,227.007,5.634,4.610
200.389,227.194,5.633,4.591
200.762,227.382,5.633,4.572
201.135,227.569,5.632,4.553
201.507,227.757,5.631,4.534
201.880,227.944,5.630,4.516
202.253,228.132,5.630,4.497
202.626,228.319,5.629,4.478
202.999,228.507,5.628,4.459
203.372,228.694,5.627,4.440
203.745,228.882,5.627,4.421
204.118,229.069,5.626,4.402
204.491,229.257,5.625,4.384
204.864,229.444,5.624,4.365
205.237,229.632,5.624,4.346
205.610,229.819,5.623,4.327
205.983,230.007,5.622,4.308
206.356,230.194,5.621,4.289
206.728,230.382,5.621,4.271
207.101,230.569,5.620,4.252
207.474,230.757,5.619,4.233
207.847,230.944,5.618,4.214
208.220,231.132,5.618,4.195
208.593,231.319,5.617,4.176
208.966,231.507,5.616,4.157
209.339,231.694,5.615,4.139
209.712,231.882,5.615,4.120
210.156,232.027,5.622,4.071
210.600,232.172,5.628,4.022
211.044,232.317,5.635,3.973
211.488,232.462,5.642,3.924
211.932,232.607,5.649,3.875
212.376,232.752,5.656,3.827
212.820,232.898,5.663,3.780
213.264,233.043,5.670,3.763
213.708,233.183,5.676,3.751
214.152,233.302,5.683,3.762
214.596,233.421,5.690,3.772
215.040,233.539,5.697,3.782
215.484,233.658,5.704,3.792
215.928,233.777,5.711,3.802
216.372,233.896,5.718,3.812
216.816,234.014,5.725,3.822
217.260,234.133,5.731,3.832
217.704,234.252,5.738,3.842
218.148,234.370,5.745,3.852
218.592,234.489,5.752,3.862
219.036,234.608,5.759,3.872
219.480,234.727,5.766,3.882
219.924,234.845,5.773,3.892
220.368,234.964,5.779,3.902
220.812,235.083,5.786,3.912
221.256,235.201,5.793,3.922
221.700,235.320,5.800,3.932
222.175,235.345,5.790,3.919
222.651,235.370,5.781,3.907
223.126,235.396,5.771,3.895
223.601,235.421,5.762,3.882
224.076,235.446,5.752,3.870
224.552,235.471,5.743,3.858
225.027,235.496,5.733,3.845
225.502,235.521,5.724,3.833
225.977,235.546,5.714,3.821
226.453,235.572,5.704,3.808
226.928,235.597,5.695,3.796
227.403,235.622,5.685,3.784
227.879,235.647,5.676,3.771
228.354,235.672,5.666,3.759
228.829,235.697,5.657,3.747
229.304,235.722,5.647,3.734
229.780,235.748,5.638,3.722
230.255,235.773,5.628,3.710
230.730,235.798,5.618,3.697
231.205,235.823,5.609,3.685
231.681,235.848,5.599,3.673
232.156,235.873,5.590,3.660
232.631,235.898,5.580,3.648
233.107,235.923,5.571,3.636
233.582,235.949,5.561,3.623
234.057,235.974,5.552,3.611
234.532,235.999,5.542,3.599
235.008,236.024,5.532,3.586
235.483,236.049,5.537,3.574
235.958,236.074,5.542,3.562
236.433,236.099,5.547,3.549
236.909,236.125,5.551,3.537
237.384,236.150,5.556,3.525
237.859,236.175,5.561,3.512
238.334,236.200,5.566,3.500
238.842,236.171,5.568,3.498
239.344,236.143,5.576,3.497
239.846,236.114,5.583,3.495
240.348,236.085,5.591,3.493
240.851,236.056,5.599,3.492
241.353,236.028,5.607,3.490
241.855,235.999,5.615,3.488
242.357,235.970,5.622,3.487
242.859,235.941,5.630,3.485
243.361,235.913,5.638,3.483
243.864,235.884,5.646,3.482
244.366,235.855,5.653,3.480
244.868,235.826,5.661,3.478
245.370,235.798,5.669,3.477
245.872,235.769,5.677,3.475
246.374,235.740,5.684,3.473
246.877,235.711,5.692,3.471
247.379,235.683,5.700,3.470
247.881,235.654,5.708,3.468
248.383,235.625,5.715,3.466
248.885,235.596,5.723,3.465
249.388,235.568,5.731,3.463
249.890,235.539,5.739,3.461
250.392,235.510,5.746,3.460
250.894,235.481,5.754,3.458
251.396,235.453,5.762,3.462
251.898,235.424,5.770,3.474
252.401,235.395,5.777,3.487
252.903,235.366,5.785,3.499
253.405,235.338,5.793,3.511
253.907,235.309,5.801,3.523
254.409,235.280,5.808,3.535
254.911,235.251,5.816,3.547
255.414,235.223,5.824,3.559
255.916,235.194,5.832,3.572
256.998,234.769,5.168,3.800
257.540,234.709,5.183,3.792
258.081,234.649,5.198,3.784
258.623,234.589,5.213,3.776
259.164,234.529,5.227,3.768
259.705,234.469,5.242,3.769
260.247,234.409,5.257,3.777
260.788,234.349,5.272,3.786
261.330,234.289,5.287,3.794
261.871,234.229,5.302,3.802
262.413,234.169,5.317,3.811
262.954,234.109,5.332,3.819
263.496,234.049,5.347,3.828
264.037,233.989,5.362,3.836
264.578,233.929,5.376,3.845
265.120,233.869,5.391,3.853
265.661,233.809,5.406,3.862
266.203,233.749,5.421,3.870
266.744,233.689,5.436,3.878
267.286,233.629,5.451,3.887
267.827,233.569,5.466,3.895
268.368,233.509,5.481,3.904
268.910,233.449,5.496,3.912
269.451,233.389,5.511,3.921
269.993,233.329,5.525,3.929
270.534,233.269,5.540,3.937
271.076,233.209,5.555,3.946
271.617,233.149,5.570,3.954
272.159,233.089,5.585,3.963
272.700,233.029,5.600,3.971
273.236,232.967,5.600,3.962
273.771,232.905,5.600,3.952
274.307,232.844,5.600,3.942
274.843,232.782,5.600,3.932
275.379,232.720,5.600,3.923
275.914,232.658,5.600,3.913
276.450,232.597,5.600,3.903
276.986,232.535,5.600,3.894
277.521,232.473,5.600,3.884
278.057,232.411,5.600,3.874
278.593,232.350,5.600,3.865
279.129,232.288,5.600,3.855
279.664,232.226,5.600,3.845
280.200,232.164,5.600,3.836
280.736,232.103,5.600,3.826
281.271,232.041,5.600,3.816
281.807,231.979,5.600,3.807
282.343,231.917,5.600,3.797
282.879,231.856,5.600,3.787
283.414,231.794,5.600,3.777
283.950,231.732,5.600,3.768
284.486,231.670,5.600,3.758
285.021,231.609,5.600,3.748
285.557,231.547,5.600,3.739
286.093,231.485,5.600,3.729
286.629,231.423,5.600,3.719
287.164,231.362,5.600,3.710
287.700,231.300,5.600,3.700
288.193,231.219,5.600,3.700
288.686,231.137,5.600,3.700
289.179,231.056,5.600,3.700
289.672,230.974,5.600,3.700
290.165,230.893,5.600,3.700
290.658,230.812,5.600,3.700
291.151,230.730,5.600,3.700
291.644,230.649,5.600,3.700
292.137,230.567,5.600,3.700
292.630,230.486,5.600,3.700
293.123,230.405,5.600,3.700
293.616,230.323,5.600,3.700
294.109,230.242,5.600,3.700
294.602,230.160,5.600,3.700
295.095,230.079,5.600,3.700
295.588,229.998,5.600,3.700
296.081,229.916,5.600,3.700
296.574,229.835,5.600,3.700
297.067,229.753,5.600,3.700
297.560,229.672,5.600,3.700
298.053,229.591,5.600,3.700
298.547,229.509,5.600,3.700
299.040,229.428,5.600,3.700
299.533,229.347,5.600,3.700
300.026,229.265,5.600,3.700
300.519,229.184,5.600,3.700
301.012,229.102,5.600,3.700
301.505,229.021,5.600,3.700
301.998,228.940,5.600,3.700
302.491,228.858,5.600,3.700
302.984,228.777,5.600,3.700
303.477,228.695,5.600,3.700
303.970,228.614,5.600,3.700
304.463,228.533,5.600,3.700
304.956,228.451,5.600,3.700
305.449,228.370,5.600,3.700
305.942,228.288,5.600,3.700
306.435,228.207,5.600,3.700
306.928,228.126,5.600,3.700
307.421,228.044,5.600,3.700
307.914,227.963,5.600,3.700
308.407,227.881,5.600,3.700
308.900,227.800,5.600,3.700
309.262,227.771,5.592,3.696
309.623,227.742,5.585,3.692
309.985,227.713,5.577,3.688
310.346,227.685,5.569,3.685
310.708,227.656,5.562,3.681
311.069,227.627,5.554,3.677
311.431,227.598,5.546,3.673
311.792,227.569,5.538,3.669
312.154,227.540,5.531,3.665
312.515,227.512,5.523,3.662
312.877,227.483,5.515,3.658
313.238,227.454,5.508,3.654
313.600,227.425,5.500,3.650
313.962,227.396,5.492,3.646
314.323,227.367,5.485,3.642
314.685,227.338,5.477,3.638
315.046,227.310,5.469,3.635
315.408,227.281,5.462,3.631
315.769,227.252,5.454,3.627
316.131,227.223,5.446,3.623
316.492,227.194,5.438,3.619
316.854,227.165,5.431,3.615
317.215,227.137,5.423,3.612
317.577,227.108,5.415,3.608
317.938,227.079,5.408,3.604
318.300,227.050,5.400,3.600
318.662,227.021,5.392,3.596
319.023,226.992,5.385,3.592
319.385,226.963,5.377,3.588
319.746,226.935,5.369,3.585
320.108,226.906,5.362,3.581
320.469,226.877,5.354,3.577
320.831,226.848,5.346,3.573
321.192,226.819,5.338,3.569
321.554,226.790,5.331,3.565
321.915,226.762,5.323,3.562
322.277,226.733,5.315,3.558
322.638,226.704,5.308,3.554
323.000,226.675,5.300,3.550
323.362,226.646,5.292,3.546
323.723,226.617,5.285,3.542
324.085,226.588,5.277,3.538
324.446,226.560,5.269,3.535
324.808,226.531,5.262,3.531
325.169,226.502,5.254,3.527
325.531,226.473,5.246,3.523
325.892,226.444,5.238,3.519
326.254,226.415,5.231,3.515
326.615,226.387,5.223,3.512
326.977,226.358,5.215,3.508
327.338,226.329,5.208,3.504
327.700,226.300,5.200,3.500
327.957,226.291,5.200,3.500
328.214,226.283,5.200,3.500
328.471,226.274,5.200,3.500
328.729,226.266,5.200,3.500
328.986,226.257,5.200,3.500
329.243,226.249,5.200,3.500
329.500,226.240,5.200,3.500
329.757,226.231,5.200,3.500
330.014,226.223,5.200,3.500
330.271,226.214,5.200,3.500
330.529,226.206,5.200,3.500
330.786,226.197,5.200,3.500
331.043,226.189,5.200,3.500
331.300,226.180,5.200,3.500
331.557,226.171,5.200,3.500
331.814,226.163,5.200,3.500
332.071,226.154,5.200,3.500
332.329,226.146,5.200,3.500
332.586,226.137,5.200,3.500
332.843,226.129,5.200,3.500
333.100,226.120,5.200,3.500
333.357,226.111,5.200,3.500
333.614,226.103,5.200,3.500
333.871,226.094,5.200,3.500
334.129,226.086,5.200,3.500
334.386,226.077,5.200,3.500
334.643,226.069,5.200,3.500
334.900,226.060,5.200,3.500
335.157,226.051,5.200,3.500
335.414,226.043,5.200,3.500
335.671,226.034,5.200,3.500
335.929,226.026,5.200,3.500
336.186,226.017,5.200,3.500
336.443,226.009,5.200,3.500
336.700,226.000,5.200,3.500
336.956,226.003,5.199,3.501
337.212,226.007,5.199,3.502
337.468,226.010,5.198,3.503
337.724,226.014,5.197,3.504
337.980,226.017,5.196,3.505
338.236,226.021,5.196,3.506
338.492,226.024,5.195,3.507
338.748,226.028,5.194,3.508
339.005,226.031,5.194,3.508
339.261,226.035,5.193,3.509
339.517,226.038,5.192,3.510
339.773,226.042,5.191,3.511
340.029,226.045,5.191,3.512
340.285,226.049,5.190,3.513
340.541,226.052,5.189,3.514
340.797,226.056,5.189,3.515
341.053,226.059,5.188,3.516
341.309,226.063,5.187,3.517
341.565,226.066,5.186,3.518
341.821,226.070,5.186,3.519
342.077,226.073,5.185,3.520
342.333,226.077,5.184,3.521
342.589,226.080,5.183,3.522
342.845,226.084,5.183,3.523
343.101,226.087,5.182,3.524
343.357,226.091,5.181,3.524
343.614,226.094,5.181,3.525
343.870,226.098,5.180,3.526
344.126,226.101,5.179,3.527
344.382,226.105,5.178,3.528
344.638,226.108,5.178,3.529
344.894,226.112,5.177,3.530
345.150,226.115,5.176,3.531
345.406,226.119,5.176,3.532
345.662,226.122,5.175,3.533
345.918,226.126,5.174,3.534
346.174,226.129,5.173,3.535
346.444,226.198,5.179,3.539
346.709,226.268,5.190,3.543
346.973,226.337,5.201,3.547
347.238,226.406,5.213,3.551
347.503,226.475,5.224,3.556
347.767,226.544,5.235,3.560
348.032,226.613,5.246,3.564
348.296,226.682,5.257,3.568
348.561,226.751,5.268,3.572
348.826,226.820,5.279,3.576
349.090,226.889,5.290,3.580
349.355,226.958,5.301,3.585
349.620,227.027,5.312,3.589
349.884,227.096,5.323,3.593
350.149,227.165,5.335,3.597
350.413,227.234,5.346,3.601
350.678,227.303,5.357,3.605
350.943,227.372,5.368,3.609
351.207,227.434,5.379,3.620
351.472,227.495,5.390,3.633
351.737,227.555,5.401,3.645
352.001,227.616,5.412,3.658
352.266,227.676,5.423,3.671
352.530,227.737,5.434,3.683
352.795,227.797,5.445,3.696
353.060,227.858,5.457,3.709
353.324,227.918,5.468,3.721
353.589,227.979,5.479,3.734
353.854,228.039,5.490,3.747
354.118,228.100,5.501,3.759
354.335,228.222,5.488,3.767
354.552,228.345,5.475,3.775
354.769,228.467,5.462,3.783
354.986,228.589,5.449,3.791
355.203,228.712,5.436,3.823
355.420,228.834,5.423,3.860
355.637,228.956,5.410,3.896
355.854,229.079,5.397,3.932
356.071,229.201,5.384,3.968
356.288,229.323,5.371,4.005
356.505,229.446,5.358,4.041
356.722,229.568,5.345,4.077
356.939,229.690,5.332,4.114
357.156,229.813,5.319,4.150
357.373,229.935,5.306,4.186
357.590,230.057,5.293,4.223
357.807,230.180,5.280,4.259
358.024,230.302,5.267,4.295
358.241,230.424,5.254,4.331
358.458,230.547,5.241,4.368
358.675,230.669,5.228,4.404
358.892,230.792,5.215,4.440
359.109,230.914,5.202,4.477
359.326,231.036,5.189,4.513
359.543,231.159,5.176,4.549
359.760,231.281,5.163,4.586
359.977,231.403,5.150,4.622
360.194,231.526,5.137,4.658
360.383,231.717,5.090,4.652
360.571,231.908,5.044,4.646
360.760,232.100,4.998,4.640
360.949,232.291,4.951,4.634
361.137,232.482,4.905,4.627
361.326,232.674,4.859,4.621
361.515,232.865,4.812,4.615
361.703,233.056,4.766,4.609
361.892,233.247,4.720,4.603
362.081,233.439,4.673,4.597
362.270,233.630,4.627,4.591
362.458,233.821,4.581,4.584
362.647,234.013,4.535,4.578
362.836,234.204,4.488,4.572
363.024,234.395,4.442,4.566
363.213,234.587,4.396,4.560
363.402,234.778,4.349,4.554
363.590,234.969,4.303,4.548
363.779,235.161,4.257,4.542
363.968,235.352,4.210,4.535
364.133,235.570,4.146,4.519
364.298,235.788,4.081,4.502
364.464,236.006,4.016,4.485
364.629,236.224,3.952,4.469
364.794,236.442,3.887,4.452
364.960,236.660,3.822,4.435
365.125,236.877,3.758,4.419
365.290,237.095,3.693,4.402
365.455,237.313,3.628,4.385
365.621,237.531,3.563,4.369
365.786,237.749,3.499,4.352
365.951,237.967,3.434,4.335
366.109,238.185,3.377,4.319
366.227,238.403,3.359,4.302
366.345,238.621,3.379,4.285
366.463,238.839,3.409,4.269
366.581,239.057,3.440,4.252
366.699,239.275,3.470,4.235
366.818,239.492,3.500,4.219
366.936,239.710,3.531,4.202
367.054,239.928,3.561,4.185
367.172,240.146,3.591,4.169
367.290,240.364,3.622,4.152
367.408,240.582,3.652,4.135
367.526,240.800,3.682,4.119
367.537,241.046,3.683,4.117
367.548,241.292,3.684,4.115
367.559,241.538,3.685,4.113
367.570,241.784,3.686,4.111
367.581,242.030,3.687,4.110
367.592,242.276,3.688,4.108
367.603,242.522,3.690,4.117
367.614,242.768,3.691,4.132
367.625,243.014,3.692,4.146
367.636,243.260,3.693,4.160
367.647,243.506,3.694,4.174
367.658,243.752,3.695,4.188
367.669,243.998,3.696,4.202
367.680,244.244,3.697,4.217
367.691,244.490,3.698,4.231
367.702,244.736,3.699,4.245
367.713,244.982,3.700,4.259
367.724,245.227,3.701,4.273
367.735,245.473,3.702,4.287
367.746,245.719,3.703,4.301
367.758,245.965,3.704,4.316
367.769,246.211,3.705,4.330
367.780,246.457,3.706,4.344
367.791,246.703,3.707,4.358
367.802,246.949,3.708,4.372
367.813,247.195,3.709,4.386
367.824,247.441,3.710,4.401
367.835,247.687,3.711,4.415
367.846,247.933,3.712,4.429
367.857,248.179,3.714,4.443
367.868,248.425,3.715,4.457
367.879,248.671,3.716,4.471
367.890,248.917,3.717,4.486
367.901,249.163,3.718,4.500
367.912,249.409,3.719,4.514
367.923,249.655,3.720,4.528
367.934,249.901,3.721,4.542
367.945,250.147,3.722,4.556
367.956,250.393,3.723,4.571
367.967,250.639,3.724,4.585
367.978,250.885,3.725,4.599
367.989,251.131,3.726,4.613
368.000,251.377,3.727,4.627
368.011,251.623,3.728,4.641
368.022,251.869,3.729,4.655
368.033,252.115,3.730,4.670
368.044,252.361,3.731,4.684
368.055,252.607,3.732,4.698
368.066,252.853,3.733,4.712
367.679,253.400,3.774,4.590
367.639,253.720,3.774,4.590
367.599,254.040,3.774,4.590
367.559,254.360,3.774,4.590
367.519,254.680,3.774,4.590
367.479,255.000,3.774,4.590
