164.995,248.075,8.580,5.900
165.741,247.829,8.555,5.900
166.487,247.583,8.530,5.900
167.232,247.338,8.505,5.900
167.978,247.092,8.480,5.900
168.724,246.846,8.455,5.900
169.470,246.600,8.430,5.900
170.249,246.376,8.430,5.900
171.028,246.153,8.430,5.900
171.807,245.929,8.430,5.900
172.586,245.705,8.430,5.900
173.365,245.482,8.430,5.900
174.144,245.258,8.430,5.900
174.923,245.034,8.430,5.900
175.702,244.811,8.430,5.900
176.481,244.587,8.430,5.900
177.259,244.363,8.430,5.900
178.038,244.139,8.430,5.900
178.817,243.916,8.430,5.900
179.596,243.692,8.430,5.900
180.375,243.468,8.430,5.900
181.154,243.245,8.430,5.900
181.933,243.021,8.430,5.900
182.712,242.797,8.430,5.900
183.491,242.574,8.430,5.900
184.270,242.350,8.430,5.900
185.049,242.126,8.430,5.900
185.828,241.903,8.430,5.900
186.607,241.679,8.430,5.900
187.386,241.455,8.430,5.900
188.165,241.232,8.430,5.900
188.944,241.008,8.430,5.900
189.723,240.784,8.430,5.900
190.502,240.561,8.430,5.900
191.281,240.337,8.430,5.900
192.059,240.113,8.430,5.900
192.838,239.889,8.430,5.900
193.617,239.666,8.430,5.900
194.396,239.442,8.430,5.900
195.175,239.218,8.430,5.900
195.954,238.995,8.430,5.900
196.733,238.771,8.430,5.900
197.512,238.547,8.430,5.900
198.291,238.324,8.430,5.900
199.070,238.100,8.430,5.900
199.838,237.890,8.430,5.890
200.607,237.680,8.430,5.880
201.375,237.471,8.430,5.871
202.143,237.261,8.430,5.861
202.911,237.051,8.430,5.851
203.680,236.841,8.430,5.841
204.448,236.632,8.430,5.832
205.216,236.422,8.430,5.822
205.985,236.212,8.430,5.812
206.753,236.002,8.430,5.802
207.521,235.793,8.430,5.793
208.290,235.583,8.430,5.783
209.058,235.373,8.430,5.773
209.826,235.163,8.430,5.763
210.594,234.954,8.430,5.754
211.363,234.744,8.430,5.744
212.131,234.534,8.430,5.734
212.899,234.324,8.430,5.724
213.668,234.115,8.430,5.715
214.436,233.905,8.430,5.705
215.204,233.695,8.430,5.695
215.972,233.485,8.430,5.685
216.741,233.276,8.430,5.676
217.509,233.066,8.430,5.666
218.277,232.856,8.430,5.656
219.046,232.646,8.430,5.646
219.814,232.437,8.430,5.637
220.582,232.227,8.430,5.627
221.350,232.017,8.430,5.617
222.119,231.807,8.430,5.607
222.887,231.598,8.430,5.598
223.655,231.388,8.430,5.588
224.424,231.178,8.430,5.578
225.192,230.968,8.430,5.568
225.960,230.759,8.430,5.559
226.729,230.549,8.430,5.549
227.497,230.339,8.430,5.539
228.265,230.129,8.430,5.529
229.033,229.920,8.430,5.520
229.802,229.710,8.430,5.510
230.570,229.500,8.430,5.500
231.365,229.303,8.423,5.477
232.160,229.106,8.417,5.454
232.955,228.909,8.410,5.431
233.751,228.711,8.404,5.409
234.546,228.514,8.397,5.386
235.341,228.317,8.391,5.363
236.136,228.120,8.384,5.340
236.931,227.923,8.377,5.317
237.726,227.726,8.371,5.294
238.521,227.529,8.364,5.271
239.317,227.331,8.358,5.249
240.112,227.134,8.351,5.226
240.907,226.937,8.345,5.203
241.702,226.740,8.338,5.180
242.497,226.543,8.331,5.157
243.292,226.346,8.325,5.134
244.087,226.149,8.318,5.111
244.883,225.951,8.312,5.100
245.678,225.754,8.305,5.100
246.473,225.557,8.299,5.100
247.268,225.360,8.292,5.100
248.063,225.163,8.285,5.100
248.858,224.966,8.279,5.100
249.653,224.769,8.272,5.100
250.449,224.571,8.266,5.100
251.244,224.374,8.259,5.100
252.039,224.177,8.253,5.100
252.834,223.980,8.246,5.100
253.629,223.783,8.239,5.100
254.424,223.586,8.233,5.100
255.219,223.389,8.226,5.100
256.015,223.191,8.220,5.100
256.810,222.994,8.213,5.100
257.605,222.797,8.207,5.100
258.400,222.600,8.200,5.100
259.176,222.407,8.200,5.100
259.952,222.213,8.200,5.100
260.728,222.020,8.200,5.100
261.504,221.826,8.200,5.100
262.280,221.633,8.200,5.100
263.057,221.439,8.200,5.100
263.833,221.246,8.200,5.100
264.609,221.052,8.200,5.100
265.385,220.859,8.200,5.100
266.161,220.665,8.200,5.100
266.937,220.472,8.200,5.100
267.713,220.278,8.200,5.100
268.489,220.085,8.200,5.100
269.265,219.891,8.200,5.100
270.041,219.698,8.200,5.100
270.817,219.504,8.200,5.100
271.593,219.311,8.200,5.100
272.370,219.117,8.200,5.100
273.146,218.924,8.200,5.100
273.922,218.730,8.200,5.100
274.698,218.537,8.200,5.100
275.474,218.343,8.200,5.100
276.250,218.150,8.200,5.100
277.026,217.957,8.200,5.100
277.802,217.763,8.200,5.100
278.578,217.570,8.200,5.100
279.354,217.376,8.200,5.100
280.130,217.183,8.200,5.100
280.907,216.989,8.200,5.100
281.683,216.796,8.200,5.100
282.459,216.602,8.200,5.100
283.235,216.409,8.200,5.100
284.011,216.215,8.200,5.100
284.787,216.022,8.200,5.100
285.563,215.828,8.200,5.100
286.339,215.635,8.200,5.100
287.115,215.441,8.200,5.100
287.891,215.248,8.200,5.100
288.667,215.054,8.200,5.100
289.443,214.861,8.200,5.100
290.220,214.667,8.200,5.100
290.996,214.474,8.200,5.100
291.772,214.280,8.200,5.100
292.548,214.087,8.200,5.100
293.324,213.893,8.200,5.100
294.100,213.700,8.200,5.100
294.888,213.533,8.200,5.093
295.677,213.365,8.200,5.086
296.465,213.198,8.200,5.079
297.253,213.030,8.200,5.072
298.042,212.863,8.200,5.065
298.830,212.695,8.200,5.058
299.619,212.528,8.200,5.051
300.407,212.360,8.200,5.044
301.195,212.193,8.200,5.037
301.984,212.026,8.200,5.030
302.772,211.858,8.200,5.023
303.560,211.691,8.200,5.016
304.349,211.523,8.200,5.009
305.137,211.356,8.200,5.002
305.926,211.188,8.200,4.995
306.714,211.021,8.200,4.988
307.502,210.853,8.200,4.981
308.291,210.686,8.200,4.974
309.079,210.519,8.200,4.967
309.867,210.351,8.200,4.960
310.656,210.184,8.200,4.953
311.444,210.016,8.200,4.947
312.233,209.849,8.200,4.940
313.021,209.681,8.200,4.933
313.809,209.514,8.200,4.926
314.598,209.347,8.200,4.919
315.386,209.179,8.200,4.912
316.174,209.012,8.200,4.905
316.963,208.844,8.200,4.898
317.751,208.677,8.200,4.891
318.540,208.509,8.200,4.884
319.328,208.342,8.200,4.877
320.116,208.174,8.200,4.870
320.905,208.007,8.200,4.863
321.693,207.840,8.200,4.856
322.481,207.672,8.200,4.849
323.270,207.505,8.200,4.842
324.058,207.337,8.200,4.835
324.847,207.170,8.200,4.828
325.635,207.002,8.200,4.821
326.423,206.835,8.200,4.814
327.212,206.667,8.200,4.807
328.000,206.500,8.200,4.800
328.798,206.313,8.200,4.800
329.596,206.127,8.200,4.800
330.393,205.940,8.200,4.800
331.191,205.753,8.200,4.800
331.989,205.567,8.200,4.800
332.787,205.380,8.200,4.800
333.584,205.193,8.200,4.800
334.382,205.007,8.200,4.800
335.180,204.820,8.200,4.800
335.978,204.633,8.200,4.800
336.776,204.447,8.200,4.800
337.573,204.260,8.200,4.800
338.371,204.073,8.200,4.800
339.169,203.887,8.200,4.800
339.967,203.700,8.200,4.800
340.764,203.513,8.200,4.800
341.562,203.327,8.200,4.800
342.360,203.140,8.200,4.800
343.158,202.953,8.200,4.800
343.956,202.767,8.200,4.800
344.753,202.580,8.200,4.800
345.551,202.393,8.200,4.800
346.349,202.207,8.200,4.800
347.147,202.020,8.200,4.800
347.944,201.833,8.200,4.800
348.742,201.647,8.200,4.800
349.540,201.460,8.200,4.800
350.338,201.273,8.200,4.800
351.136,201.087,8.200,4.800
351.933,200.900,8.200,4.800
352.731,200.713,8.200,4.800
353.529,200.527,8.200,4.800
354.327,200.340,8.200,4.800
355.124,200.153,8.200,4.800
355.922,199.967,8.200,4.800
356.720,199.780,8.200,4.800
357.518,199.593,8.200,4.800
358.316,199.407,8.200,4.800
359.113,199.220,8.200,4.800
359.911,199.033,8.200,4.800
360.709,198.847,8.200,4.800
361.507,198.660,8.200,4.800
362.304,198.473,8.200,4.800
363.102,198.287,8.200,4.800
363.900,198.100,8.200,4.800
364.700,197.924,8.200,4.800
365.500,197.749,8.200,4.800
366.300,197.573,8.200,4.800
367.100,197.398,8.200,4.800
367.900,197.222,8.200,4.800
368.700,197.047,8.200,4.800
369.500,196.871,8.200,4.800
370.300,196.696,8.200,4.800
371.100,196.520,8.200,4.800
371.900,196.344,8.200,4.800
372.700,196.169,8.200,4.800
373.500,195.993,8.200,4.800
374.300,195.818,8.200,4.800
375.100,195.642,8.200,4.800
375.900,195.467,8.200,4.800
376.700,195.291,8.200,4.800
377.500,195.116,8.200,4.800
378.300,194.940,8.200,4.800
379.100,194.764,8.200,4.800
379.900,194.589,8.200,4.800
380.700,194.413,8.200,4.800
381.500,194.238,8.200,4.800
382.300,194.062,8.200,4.800
383.100,193.887,8.200,4.800
383.900,193.711,8.200,4.800
384.700,193.536,8.200,4.800
385.500,193.360,8.200,4.800
386.300,193.184,8.200,4.800
387.100,193.009,8.200,4.800
387.900,192.833,8.200,4.800
388.700,192.658,8.200,4.800
389.500,192.482,8.200,4.800
390.300,192.307,8.200,4.800
391.100,192.131,8.200,4.800
391.900,191.956,8.200,4.800
392.700,191.780,8.200,4.800
393.500,191.604,8.200,4.800
394.300,191.429,8.200,4.800
395.100,191.253,8.200,4.800
395.900,191.078,8.200,4.800
396.700,190.902,8.200,4.800
397.500,190.727,8.200,4.800
398.300,190.551,8.200,4.800
399.100,190.376,8.200,4.800
399.900,190.200,8.200,4.800
400.688,190.034,8.200,4.800
401.476,189.868,8.200,4.800
402.264,189.702,8.200,4.800
403.052,189.536,8.200,4.800
403.840,189.370,8.200,4.800
404.628,189.204,8.200,4.800
405.416,189.038,8.200,4.800
406.204,188.872,8.200,4.800
406.992,188.706,8.200,4.800
407.780,188.540,8.200,4.800
408.568,188.374,8.200,4.800
409.356,188.208,8.200,4.800
410.144,188.042,8.200,4.800
410.932,187.876,8.200,4.800
411.720,187.710,8.200,4.800
412.508,187.544,8.200,4.800
413.296,187.378,8.200,4.800
414.084,187.212,8.200,4.800
414.872,187.046,8.200,4.800
415.660,186.880,8.200,4.800
416.448,186.714,8.200,4.800
417.236,186.548,8.200,4.800
418.024,186.382,8.200,4.800
418.812,186.216,8.200,4.800
419.600,186.050,8.200,4.800
420.388,185.884,8.200,4.800
421.176,185.718,8.200,4.800
421.964,185.552,8.200,4.800
422.752,185.386,8.200,4.800
423.540,185.220,8.200,4.800
424.328,185.054,8.200,4.800
425.116,184.888,8.200,4.800
425.904,184.722,8.200,4.800
426.692,184.556,8.200,4.800
427.480,184.390,8.200,4.800
428.268,184.224,8.200,4.800
429.056,184.058,8.200,4.800
429.844,183.892,8.200,4.800
430.632,183.726,8.200,4.800
431.420,183.560,8.200,4.800
432.208,183.394,8.200,4.800
432.996,183.228,8.200,4.800
433.784,183.062,8.200,4.800
434.572,182.896,8.200,4.800
435.360,182.730,8.200,4.800
436.148,182.564,8.200,4.800
436.936,182.398,8.200,4.800
437.724,182.232,8.200,4.800
438.512,182.066,8.200,4.800
439.300,181.900,8.200,4.800
440.119,181.737,8.202,4.800
440.937,181.574,8.205,4.800
441.756,181.412,8.207,4.800
442.574,181.249,8.209,4.800
443.393,181.086,8.212,4.800
444.212,180.923,8.214,4.800
445.030,180.760,8.216,4.800
445.849,180.598,8.219,4.800
446.667,180.435,8.221,4.800
447.486,180.272,8.223,4.800
448.305,180.109,8.226,4.800
449.123,179.947,8.228,4.800
449.942,179.784,8.230,4.800
450.760,179.621,8.233,4.800
451.579,179.458,8.235,4.800
452.398,179.295,8.237,4.800
453.216,179.133,8.240,4.800
454.035,178.970,8.242,4.800
454.853,178.807,8.244,4.800
455.672,178.644,8.247,4.800
456.491,178.481,8.249,4.800
457.309,178.319,8.251,4.800
458.128,178.156,8.253,4.800
458.947,177.993,8.256,4.800
459.765,177.830,8.258,4.800
460.584,177.667,8.260,4.800
461.402,177.505,8.263,4.800
462.221,177.342,8.265,4.800
463.040,177.179,8.267,4.800
463.858,177.016,8.270,4.800
464.677,176.853,8.272,4.800
465.495,176.691,8.274,4.800
466.314,176.528,8.277,4.800
467.133,176.365,8.279,4.800
467.951,176.202,8.281,4.800
468.770,176.040,8.284,4.800
469.588,175.877,8.286,4.800
470.407,175.714,8.288,4.800
471.226,175.551,8.291,4.800
472.044,175.388,8.293,4.800
472.863,175.226,8.295,4.800
473.681,175.063,8.298,4.800
474.500,174.900,8.300,4.800
475.343,174.725,8.295,4.800
476.185,174.550,8.290,4.800
477.028,174.375,8.285,4.800
477.870,174.200,8.280,4.800
478.713,174.025,8.275,4.800
479.555,173.850,8.270,4.800
480.398,173.675,8.265,4.800
481.240,173.500,8.260,4.800
482.083,173.325,8.255,4.800
482.925,173.150,8.250,4.800
483.768,172.975,8.244,4.800
484.611,172.800,8.239,4.800
485.453,172.625,8.234,4.800
486.296,172.450,8.229,4.800
487.138,172.275,8.224,4.800
487.981,172.100,8.219,4.800
488.823,171.925,8.214,4.800
489.666,171.750,8.209,4.800
490.508,171.575,8.204,4.800
491.351,171.400,8.199,4.800
492.194,171.225,8.194,4.800
493.036,171.050,8.189,4.800
493.879,170.875,8.184,4.800
494.721,170.700,8.179,4.800
495.564,170.525,8.174,4.800
496.406,170.350,8.169,4.800
497.249,170.175,8.164,4.800
498.091,170.000,8.159,4.800
498.934,169.825,8.154,4.800
499.776,169.650,8.149,4.800
500.619,169.475,8.144,4.800
501.462,169.300,8.138,4.800
502.268,169.159,8.141,4.778
503.075,169.018,8.143,4.757
503.881,168.877,8.146,4.735
504.688,168.735,8.148,4.714
505.495,168.594,8.151,4.692
506.301,168.453,8.153,4.670
507.108,168.312,8.156,4.649
507.915,168.171,8.158,4.627
508.721,168.030,8.161,4.605
509.528,167.888,8.163,4.584
510.335,167.747,8.166,4.562
511.141,167.606,8.168,4.548
511.948,167.465,8.171,4.535
512.755,167.324,8.173,4.522
513.561,167.183,8.176,4.510
514.368,167.041,8.178,4.497
515.175,166.900,8.181,4.484
515.981,166.759,8.183,4.472
516.788,166.618,8.186,4.459
517.595,166.477,8.188,4.446
518.401,166.336,8.191,4.434
519.208,166.194,8.193,4.421
520.015,166.053,8.196,4.408
520.821,165.912,8.198,4.396
521.628,165.771,8.201,4.383
522.435,165.630,8.203,4.370
523.241,165.489,8.206,4.358
524.048,165.347,8.208,4.345
524.854,165.206,8.211,4.332
525.661,165.065,8.213,4.320
526.468,164.924,8.216,4.307
527.274,164.783,8.218,4.294
528.081,164.642,8.221,4.281
528.888,164.500,8.223,4.269
529.694,164.359,8.226,4.256
530.501,164.218,8.228,4.243
531.308,164.077,8.231,4.231
532.141,163.912,8.231,4.231
532.973,163.748,8.231,4.231
533.806,163.584,8.231,4.231
534.639,163.419,8.231,4.231
535.472,163.255,8.231,4.231
536.305,163.090,8.231,4.231
537.138,162.926,8.231,4.231
537.971,162.761,8.231,4.231
538.804,162.597,8.231,4.231
539.637,162.432,8.231,4.231
540.469,162.268,8.231,4.231
541.302,162.103,8.231,4.231
542.135,161.939,8.231,4.231
542.968,161.775,8.231,4.231
543.801,161.610,8.231,4.231
544.634,161.446,8.231,4.231
545.467,161.281,8.231,4.231
546.300,161.117,8.231,4.231
547.133,160.952,8.231,4.231
547.966,160.788,8.231,4.231
548.798,160.623,8.231,4.231
549.631,160.459,8.231,4.231
550.464,160.294,8.231,4.231
551.297,160.130,8.231,4.231
552.130,159.966,8.231,4.231
552.963,159.801,8.231,4.231
553.796,159.637,8.231,4.231
554.629,159.472,8.231,4.231
555.462,159.308,8.231,4.231
556.292,159.169,8.231,4.231
557.123,159.031,8.231,4.231
557.954,158.892,8.231,4.231
558.785,158.754,8.231,4.231
559.615,158.615,8.231,4.231
560.446,158.477,8.231,4.231
561.277,158.338,8.231,4.231
562.108,158.200,8.231,4.231
562.938,158.062,8.231,4.231
563.769,157.923,8.231,4.231
564.600,157.785,8.231,4.231
565.431,157.646,8.231,4.231
566.262,157.508,8.231,4.231
567.092,157.369,8.231,4.231
567.923,157.231,8.231,4.231
568.754,157.092,8.231,4.231
569.585,156.954,8.231,4.231
570.415,156.815,8.231,4.231
571.246,156.677,8.231,4.231
572.077,156.538,8.231,4.231
572.908,156.400,8.231,4.231
573.738,156.262,8.231,4.231
574.569,156.123,8.231,4.231
575.400,155.985,8.231,4.231
576.231,155.846,8.231,4.231
577.062,155.708,8.231,4.231
577.892,155.569,8.231,4.231
578.723,155.431,8.231,4.231
579.554,155.292,8.231,4.231
580.385,155.154,8.231,4.231
581.215,155.015,8.231,4.231
582.046,154.877,8.231,4.231
582.877,154.738,8.231,4.231
583.708,154.600,8.231,4.231
584.538,154.462,8.231,4.231
585.373,154.278,8.231,4.231
586.207,154.095,8.231,4.231
587.041,153.911,8.231,4.231
587.876,153.728,8.231,4.231
588.710,153.544,8.231,4.231
589.544,153.361,8.231,4.231
590.379,153.178,8.231,4.231
591.213,152.994,8.231,4.231
592.047,152.811,8.231,4.231
592.882,152.627,8.231,4.231
