714.100,148.800,14.100,7.000
713.330,149.054,14.102,6.984
712.560,149.309,14.104,6.968
711.789,149.563,14.105,6.953
711.019,149.818,14.107,6.937
710.249,150.072,14.109,6.921
709.479,150.326,14.111,6.905
708.709,150.581,14.112,6.889
707.939,150.835,14.114,6.874
707.168,151.089,14.116,6.858
706.398,151.344,14.118,6.842
705.628,151.598,14.119,6.826
704.858,151.853,14.121,6.811
704.088,152.107,14.123,6.795
703.318,152.361,14.125,6.779
702.547,152.616,14.126,6.763
701.777,152.870,14.128,6.747
701.007,153.125,14.130,6.732
700.237,153.379,14.132,6.716
699.467,153.633,14.133,6.700
698.696,153.888,14.135,6.684
697.926,154.142,14.137,6.668
697.156,154.396,14.139,6.653
696.386,154.651,14.140,6.637
695.616,154.905,14.142,6.621
694.846,155.160,14.144,6.605
694.075,155.414,14.146,6.589
693.305,155.668,14.147,6.574
692.535,155.923,14.149,6.558
691.765,156.177,14.151,6.542
690.995,156.432,14.153,6.526
690.225,156.686,14.154,6.511
689.454,156.940,14.156,6.495
688.684,157.195,14.158,6.479
687.914,157.449,14.160,6.463
687.144,157.704,14.161,6.447
686.374,157.958,14.163,6.432
685.604,158.212,14.165,6.416
684.833,158.467,14.167,6.400
684.063,158.721,14.168,6.384
683.293,158.975,14.170,6.368
682.523,159.230,14.172,6.353
681.753,159.484,14.174,6.337
680.982,159.739,14.175,6.321
680.212,159.993,14.177,6.305
679.442,160.247,14.179,6.289
678.672,160.502,14.181,6.274
677.902,160.756,14.182,6.258
677.132,161.011,14.184,6.242
676.361,161.265,14.186,6.226
675.591,161.519,14.188,6.211
674.821,161.774,14.189,6.195
674.051,162.028,14.191,6.179
673.281,162.282,14.193,6.163
672.511,162.537,14.195,6.147
671.740,162.791,14.196,6.132
670.970,163.046,14.198,6.116
670.200,163.300,14.200,6.100
669.407,163.537,14.228,6.113
668.613,163.774,14.257,6.126
667.820,164.011,14.285,6.139
667.026,164.248,14.313,6.152
666.233,164.485,14.341,6.165
665.439,164.722,14.370,6.178
664.646,164.959,14.398,6.191
663.852,165.196,14.426,6.204
663.059,165.433,14.454,6.217
662.265,165.670,14.483,6.230
661.472,165.907,14.511,6.243
660.678,166.143,14.539,6.257
659.885,166.380,14.567,6.270
659.091,166.617,14.596,6.283
658.298,166.854,14.624,6.296
657.504,167.091,14.652,6.309
656.711,167.328,14.680,6.322
655.917,167.565,14.709,6.335
655.124,167.802,14.737,6.348
654.330,168.039,14.765,6.361
653.537,168.276,14.793,6.374
652.743,168.513,14.822,6.387
651.950,168.750,14.850,6.400
651.157,168.987,14.878,6.413
650.363,169.224,14.907,6.426
649.570,169.461,14.935,6.439
648.776,169.698,14.963,6.452
647.983,169.935,14.991,6.465
647.189,170.172,15.020,6.478
646.396,170.409,15.048,6.491
645.602,170.646,15.076,6.504
644.809,170.883,15.104,6.517
644.015,171.120,15.133,6.530
643.222,171.357,15.161,6.543
642.428,171.593,15.189,6.557
641.635,171.830,15.217,6.570
640.841,172.067,15.246,6.583
640.048,172.304,15.274,6.596
639.254,172.541,15.302,6.609
638.461,172.778,15.330,6.622
637.667,173.015,15.359,6.635
636.874,173.252,15.387,6.648
636.080,173.489,15.415,6.661
635.287,173.726,15.443,6.674
634.493,173.963,15.472,6.687
633.700,174.200,15.500,6.700
632.932,174.453,15.488,6.694
632.165,174.706,15.476,6.688
631.397,174.959,15.465,6.682
630.629,175.212,15.453,6.676
629.862,175.465,15.441,6.671
629.094,175.718,15.429,6.665
628.326,175.971,15.418,6.659
627.559,176.224,15.406,6.653
626.791,176.476,15.394,6.647
626.024,176.729,15.382,6.641
625.256,176.982,15.371,6.635
624.488,177.235,15.359,6.629
623.721,177.488,15.347,6.624
622.953,177.741,15.335,6.618
622.185,177.994,15.324,6.612
621.418,178.247,15.312,6.606
620.650,178.500,15.300,6.600
619.882,178.753,15.288,6.594
619.115,179.006,15.276,6.588
618.347,179.259,15.265,6.582
617.579,179.512,15.253,6.576
616.812,179.765,15.241,6.571
616.044,180.018,15.229,6.565
615.276,180.271,15.218,6.559
614.509,180.524,15.206,6.553
613.741,180.776,15.194,6.547
612.974,181.029,15.182,6.541
612.206,181.282,15.171,6.535
611.438,181.535,15.159,6.529
610.671,181.788,15.147,6.524
609.903,182.041,15.135,6.518
609.135,182.294,15.124,6.512
608.368,182.547,15.112,6.506
607.600,182.800,15.100,6.500
606.838,183.044,15.099,6.520
606.077,183.288,15.098,6.541
605.315,183.532,15.097,6.561
604.554,183.777,15.096,6.582
603.792,184.021,15.095,6.602
603.031,184.265,15.094,6.623
602.269,184.509,15.093,6.643
601.508,184.753,15.092,6.664
600.746,184.997,15.091,6.684
599.985,185.241,15.090,6.705
599.223,185.486,15.089,6.725
598.462,185.730,15.088,6.746
597.700,185.974,15.087,6.766
596.939,186.218,15.086,6.787
596.177,186.462,15.086,6.807
595.416,186.706,15.085,6.828
594.654,186.950,15.084,6.848
593.893,187.195,15.083,6.869
593.131,187.439,15.082,6.889
592.370,187.683,15.081,6.910
591.608,187.927,15.080,6.930
590.847,188.171,15.079,6.951
590.085,188.415,15.078,6.971
589.324,188.659,15.077,6.992
588.540,188.918,15.068,6.992
587.757,189.176,15.060,6.992
586.974,189.434,15.052,6.992
586.190,189.693,15.043,6.992
585.407,189.951,15.035,6.992
584.624,190.209,15.027,6.992
583.840,190.468,15.018,6.992
583.057,190.726,15.010,6.992
582.274,190.984,15.002,6.992
581.490,191.243,14.993,6.992
580.707,191.501,14.985,6.992
579.924,191.759,14.977,6.992
579.140,192.018,14.968,6.992
578.357,192.276,14.960,6.992
577.574,192.534,14.952,6.992
576.790,192.793,14.943,6.992
576.007,193.051,14.935,6.992
575.224,193.309,14.927,6.992
574.440,193.568,14.918,6.992
573.657,193.826,14.910,6.992
572.874,194.084,14.901,6.992
572.090,194.343,14.893,6.992
571.307,194.601,14.885,6.992
570.524,194.859,14.876,6.992
569.740,195.118,14.868,6.992
568.957,195.376,14.860,6.992
568.174,195.634,14.851,6.992
567.390,195.893,14.843,6.992
566.607,196.151,14.835,6.992
565.824,196.409,14.826,6.992
565.040,196.668,14.818,6.992
564.257,196.926,14.810,6.992
563.474,197.184,14.801,6.992
562.690,197.443,14.793,6.992
561.907,197.701,14.785,6.992
561.124,197.959,14.776,6.992
560.356,198.212,14.776,6.992
559.587,198.464,14.776,6.992
558.819,198.716,14.776,6.992
558.051,198.969,14.776,6.992
557.283,199.221,14.776,6.992
556.515,199.473,14.776,6.992
555.747,199.725,14.776,6.992
554.978,199.978,14.776,6.992
554.210,200.230,14.776,6.992
553.442,200.482,14.776,6.992
552.674,200.734,14.776,6.992
551.906,200.987,14.776,6.992
551.137,201.239,14.776,6.992
550.369,201.491,14.776,6.992
549.601,201.744,14.776,6.992
548.833,201.996,14.776,6.992
548.065,202.248,14.776,6.992
547.297,202.500,14.776,6.992
546.528,202.753,14.776,6.992
545.760,203.005,14.776,6.992
544.992,203.257,14.776,6.992
544.224,203.509,14.776,6.992
543.456,203.762,14.776,6.992
542.687,204.014,14.776,6.992
541.919,204.266,14.776,6.992
541.151,204.519,14.776,6.992
540.383,204.771,14.776,6.992
539.615,205.023,14.776,6.992
538.847,205.275,14.776,6.992
538.078,205.528,14.776,6.992
537.310,205.780,14.776,6.992
536.542,206.032,14.776,6.992
535.774,206.284,14.776,6.992
535.006,206.537,14.776,6.992
534.237,206.789,14.776,6.992
533.469,207.041,14.776,6.992
532.701,207.294,14.776,6.992
531.933,207.546,14.776,6.992
531.165,207.798,14.776,6.992
530.397,208.050,14.776,6.992
529.628,208.303,14.776,6.992
528.860,208.555,14.776,6.992
528.092,208.807,14.776,6.992
527.324,209.059,14.776,6.992
526.565,209.300,14.776,6.992
525.806,209.541,14.776,6.992
525.047,209.782,14.776,6.992
524.287,210.023,14.776,6.992
523.528,210.264,14.776,6.992
522.769,210.505,14.776,6.992
522.010,210.746,14.776,6.992
521.251,210.987,14.776,6.992
520.492,211.228,14.776,6.992
519.733,211.469,14.776,6.992
518.974,211.709,14.776,6.992
518.215,211.950,14.776,6.992
517.456,212.191,14.776,6.992
516.697,212.432,14.776,6.992
515.937,212.673,14.776,6.992
515.178,212.914,14.776,6.992
514.419,213.155,14.776,6.992
513.660,213.396,14.776,6.992
512.901,213.637,14.776,6.992
512.142,213.878,14.776,6.992
511.383,214.119,14.776,6.992
510.624,214.359,14.776,6.992
509.865,214.600,14.776,6.992
509.106,214.841,14.776,6.992
508.347,215.082,14.776,6.992
507.587,215.323,14.776,6.992
506.828,215.564,14.776,6.992
506.069,215.805,14.776,6.992
505.310,216.046,14.776,6.992
504.551,216.287,14.776,6.992
503.792,216.528,14.776,6.992
503.033,216.769,14.776,6.992
502.274,217.009,14.776,6.992
501.515,217.250,14.776,6.992
500.756,217.491,14.776,6.992
499.997,217.732,14.776,6.992
499.237,217.973,14.776,6.992
498.478,218.214,14.776,6.992
497.719,218.455,14.776,6.992
496.960,218.696,14.776,6.992
496.201,218.937,14.776,6.992
495.442,219.178,14.776,6.992
494.683,219.419,14.776,6.992
493.924,219.659,14.776,6.992
493.177,219.913,14.762,6.993
492.430,220.167,14.748,6.994
491.683,220.420,14.734,6.995
490.936,220.674,14.720,6.996
490.189,220.928,14.706,6.998
489.442,221.181,14.692,6.999
488.695,221.435,14.678,7.000
487.948,221.689,14.664,7.001
487.202,221.942,14.650,7.002
486.455,222.196,14.636,7.004
485.708,222.450,14.622,7.005
484.961,222.703,14.608,7.006
484.214,222.957,14.594,7.007
483.467,223.211,14.579,7.008
482.720,223.464,14.565,7.010
481.973,223.718,14.551,7.011
481.226,223.972,14.537,7.012
480.479,224.225,14.523,7.013
479.732,224.479,14.509,7.014
478.985,224.733,14.495,7.015
478.238,224.986,14.481,7.017
477.492,225.240,14.467,7.018
476.745,225.494,14.453,7.019
475.998,225.747,14.439,7.020
475.251,226.001,14.425,7.021
474.504,226.255,14.411,7.023
473.757,226.508,14.397,7.024
473.010,226.762,14.383,7.025
472.263,227.016,14.369,7.026
471.516,227.269,14.355,7.027
470.769,227.523,14.341,7.029
470.022,227.777,14.326,7.030
469.275,228.030,14.312,7.031
468.528,228.284,14.298,7.032
467.782,228.537,14.284,7.033
467.035,228.791,14.270,7.035
466.288,229.045,14.256,7.036
465.541,229.298,14.242,7.037
464.794,229.552,14.228,7.038
464.047,229.806,14.214,7.039
463.300,230.059,14.200,7.041
462.528,230.312,14.205,7.058
461.756,230.564,14.209,7.076
460.984,230.816,14.214,7.094
460.212,231.068,14.219,7.111
459.440,231.320,14.223,7.129
458.667,231.572,14.228,7.147
457.895,231.824,14.233,7.164
457.123,232.076,14.237,7.182
456.351,232.328,14.242,7.200
455.579,232.580,14.247,7.217
454.807,232.833,14.251,7.235
454.035,233.085,14.256,7.253
453.263,233.337,14.260,7.270
452.491,233.589,14.265,7.288
451.719,233.841,14.270,7.305
450.947,234.093,14.274,7.323
450.174,234.345,14.279,7.341
449.402,234.597,14.284,7.358
448.630,234.849,14.288,7.376
447.858,235.102,14.293,7.394
447.086,235.354,14.298,7.411
446.314,235.606,14.302,7.429
445.542,235.858,14.307,7.447
444.770,236.110,14.312,7.464
443.998,236.362,14.316,7.482
443.226,236.614,14.321,7.500
442.453,236.866,14.326,7.517
441.681,237.118,14.330,7.535
440.909,237.371,14.335,7.553
440.137,237.623,14.340,7.570
439.365,237.875,14.344,7.588
438.593,238.127,14.349,7.606
437.821,238.379,14.353,7.623
437.049,238.631,14.358,7.641
436.277,238.883,14.363,7.659
435.505,239.135,14.367,7.676
434.733,239.387,14.372,7.694
433.960,239.639,14.377,7.712
433.188,239.892,14.381,7.729
432.416,240.144,14.386,7.747
431.644,240.396,14.391,7.765
430.872,240.648,14.395,7.782
430.100,240.900,14.400,7.800
429.372,241.169,14.400,7.800
428.644,241.438,14.400,7.800
427.916,241.706,14.400,7.800
427.188,241.975,14.400,7.800
426.459,242.244,14.400,7.800
425.731,242.513,14.400,7.800
425.003,242.781,14.400,7.800
424.275,243.050,14.400,7.800
423.547,243.319,14.400,7.800
422.819,243.588,14.400,7.800
422.091,243.856,14.400,7.800
421.363,244.125,14.400,7.800
420.634,244.394,14.400,7.800
419.906,244.662,14.400,7.800
419.178,244.931,14.400,7.800
418.450,245.200,14.400,7.800
417.722,245.469,14.400,7.800
416.994,245.738,14.400,7.800
416.266,246.006,14.400,7.800
415.537,246.275,14.400,7.800
414.809,246.544,14.400,7.800
414.081,246.812,14.400,7.800
413.353,247.081,14.400,7.800
412.625,247.350,14.400,7.800
411.897,247.619,14.400,7.800
411.169,247.887,14.400,7.800
410.441,248.156,14.400,7.800
409.712,248.425,14.400,7.800
408.984,248.694,14.400,7.800
408.256,248.963,14.400,7.800
407.528,249.231,14.400,7.800
406.800,249.500,14.400,7.800
406.039,249.781,14.394,7.794
405.277,250.061,14.387,7.787
404.516,250.342,14.381,7.781
403.755,250.623,14.374,7.774
402.994,250.903,14.368,7.768
402.232,251.184,14.361,7.761
401.471,251.465,14.355,7.755
400.710,251.745,14.348,7.748
399.948,252.026,14.342,7.742
399.187,252.306,14.335,7.735
398.426,252.587,14.329,7.729
397.665,252.868,14.323,7.723
396.903,253.148,14.316,7.716
396.142,253.429,14.310,7.710
395.381,253.710,14.303,7.703
394.619,253.990,14.297,7.697
393.858,254.271,14.290,7.690
393.097,254.552,14.284,7.684
392.335,254.832,14.277,7.677
391.574,255.113,14.271,7.671
390.813,255.394,14.265,7.665
390.052,255.674,14.258,7.658
389.290,255.955,14.252,7.652
388.529,256.235,14.245,7.645
387.768,256.516,14.239,7.639
387.006,256.797,14.232,7.632
386.245,257.077,14.226,7.626
385.484,257.358,14.219,7.619
384.723,257.639,14.213,7.613
383.961,257.919,14.206,7.606
383.200,258.200,14.200,7.600
382.447,258.480,14.200,7.607
381.693,258.760,14.200,7.613
380.940,259.040,14.200,7.620
380.187,259.320,14.200,7.627
379.433,259.600,14.200,7.633
378.680,259.880,14.200,7.640
377.927,260.160,14.200,7.647
377.173,260.440,14.200,7.653
376.420,260.720,14.200,7.660
375.667,261.000,14.200,7.667
374.913,261.280,14.200,7.673
374.160,261.560,14.200,7.680
373.407,261.840,14.200,7.687
372.653,262.120,14.200,7.693
371.900,262.400,14.200,7.700
371.147,262.680,14.200,7.707
370.393,262.960,14.200,7.713
369.640,263.240,14.200,7.720
368.887,263.520,14.200,7.727
368.133,263.800,14.200,7.733
367.380,264.080,14.200,7.740
366.627,264.360,14.200,7.747
365.873,264.640,14.200,7.753
365.120,264.920,14.200,7.760
364.367,265.200,14.200,7.767
363.613,265.480,14.200,7.773
362.860,265.760,14.200,7.780
362.107,266.040,14.200,7.787
361.353,266.320,14.200,7.793
360.600,266.600,14.200,7.800
359.860,266.900,14.200,7.791
359.120,267.200,14.200,7.783
358.380,267.500,14.200,7.774
357.640,267.800,14.200,7.766
356.900,268.100,14.200,7.757
356.160,268.400,14.200,7.749
355.420,268.700,14.200,7.740
354.680,269.000,14.200,7.731
353.940,269.300,14.200,7.723
353.200,269.600,14.200,7.714
352.460,269.900,14.200,7.706
351.720,270.200,14.200,7.697
350.980,270.500,14.200,7.689
350.240,270.800,14.200,7.680
349.500,271.100,14.200,7.671
348.760,271.400,14.200,7.663
348.020,271.700,14.200,7.654
347.280,272.000,14.200,7.646
346.540,272.300,14.200,7.637
345.800,272.600,14.200,7.629
345.060,272.900,14.200,7.620
344.320,273.200,14.200,7.611
343.580,273.500,14.200,7.603
342.840,273.800,14.200,7.594
342.100,274.100,14.200,7.586
341.360,274.400,14.200,7.577
340.620,274.700,14.200,7.569
339.880,275.000,14.200,7.560
339.140,275.300,14.200,7.551
338.400,275.600,14.200,7.543
337.660,275.900,14.200,7.534
336.920,276.200,14.200,7.526
336.180,276.500,14.200,7.517
335.440,276.800,14.200,7.509
334.700,277.100,14.200,7.500
333.993,277.380,14.200,7.500
333.287,277.660,14.200,7.500
332.580,277.940,14.200,7.500
331.873,278.220,14.200,7.500
331.167,278.500,14.200,7.500
330.460,278.780,14.200,7.500
329.753,279.060,14.200,7.500
329.047,279.340,14.200,7.500
328.340,279.620,14.200,7.500
327.633,279.900,14.200,7.500
326.927,280.180,14.200,7.500
326.220,280.460,14.200,7.500
325.513,280.740,14.200,7.500
324.807,281.020,14.200,7.500
324.100,281.300,14.200,7.500
323.393,281.580,14.200,7.500
322.687,281.860,14.200,7.500
321.980,282.140,14.200,7.500
321.273,282.420,14.200,7.500
320.567,282.700,14.200,7.500
319.860,282.980,14.200,7.500
319.153,283.260,14.200,7.500
318.447,283.540,14.200,7.500
317.740,283.820,14.200,7.500
317.033,284.100,14.200,7.500
316.327,284.380,14.200,7.500
315.620,284.660,14.200,7.500
314.913,284.940,14.200,7.500
314.207,285.220,14.200,7.500
313.500,285.500,14.200,7.500
312.729,285.810,14.213,7.500
311.958,286.119,14.226,7.500
311.187,286.429,14.239,7.500
310.416,286.739,14.252,7.500
309.645,287.048,14.265,7.500
308.874,287.358,14.277,7.500
308.103,287.668,14.290,7.500
307.332,287.977,14.303,7.500
306.561,288.287,14.316,7.500
305.790,288.597,14.329,7.500
305.019,288.906,14.342,7.500
304.248,289.216,14.355,7.500
303.477,289.526,14.368,7.500
302.706,289.835,14.381,7.500
301.935,290.145,14.394,7.500
301.165,290.455,14.406,7.500
300.394,290.765,14.419,7.500
299.623,291.074,14.432,7.500
298.852,291.384,14.445,7.500
298.081,291.694,14.458,7.500
297.310,292.003,14.471,7.500
296.539,292.313,14.484,7.500
295.768,292.623,14.497,7.500
294.997,292.932,14.510,7.500
294.226,293.242,14.523,7.500
293.455,293.552,14.535,7.500
292.684,293.861,14.548,7.500
291.913,294.171,14.561,7.500
291.142,294.481,14.574,7.500
290.371,294.790,14.587,7.500
289.600,295.100,14.600,7.500
288.855,295.403,14.608,7.511
288.111,295.705,14.616,7.521
287.366,296.008,14.624,7.532
286.621,296.311,14.632,7.542
285.876,296.613,14.639,7.553
285.132,296.916,14.647,7.563
284.387,297.218,14.655,7.574
283.642,297.521,14.663,7.584
282.897,297.824,14.671,7.595
282.153,298.126,14.679,7.605
281.408,298.429,14.687,7.616
280.663,298.732,14.695,7.626
279.918,299.034,14.703,7.637
279.174,299.337,14.711,7.647
278.429,299.639,14.718,7.658
277.684,299.942,14.726,7.668
276.939,300.245,14.734,7.679
276.195,300.547,14.742,7.689
275.450,300.850,14.750,7.700
274.705,301.153,14.758,7.711
273.961,301.455,14.766,7.721
273.216,301.758,14.774,7.732
272.471,302.061,14.782,7.742
271.726,302.363,14.789,7.753
270.982,302.666,14.797,7.763
270.237,302.968,14.805,7.774
269.492,303.271,14.813,7.784
268.747,303.574,14.821,7.795
268.003,303.876,14.829,7.805
267.258,304.179,14.837,7.816
266.513,304.482,14.845,7.826
265.768,304.784,14.853,7.837
265.024,305.087,14.861,7.847
264.279,305.389,14.868,7.858
263.534,305.692,14.876,7.868
262.789,305.995,14.884,7.879
262.045,306.297,14.892,7.889
261.300,306.600,14.900,7.900
260.560,306.913,14.890,7.900
259.820,307.227,14.880,7.900
259.080,307.540,14.870,7.900
258.340,307.853,14.860,7.900
257.600,308.167,14.850,7.900
256.860,308.480,14.840,7.900
256.120,308.793,14.830,7.900
255.380,309.107,14.820,7.900
254.640,309.420,14.810,7.900
253.900,309.733,14.800,7.900
253.160,310.047,14.790,7.900
252.420,310.360,14.780,7.900
251.680,310.673,14.770,7.900
250.940,310.987,14.760,7.900
250.200,311.300,14.750,7.900
249.460,311.613,14.740,7.900
248.720,311.927,14.730,7.900
247.980,312.240,14.720,7.900
247.240,312.553,14.710,7.900
246.500,312.867,14.700,7.900
245.760,313.180,14.690,7.900
245.020,313.493,14.680,7.900
244.280,313.807,14.670,7.900
243.540,314.120,14.660,7.900
242.800,314.433,14.650,7.900
242.060,314.747,14.640,7.900
241.320,315.060,14.630,7.900
240.580,315.373,14.620,7.900
239.840,315.687,14.610,7.900
239.100,316.000,14.600,7.900
238.367,316.312,14.597,7.917
237.634,316.624,14.593,7.935
236.902,316.937,14.590,7.952
236.169,317.249,14.587,7.969
235.436,317.561,14.584,7.987
234.703,317.873,14.580,8.004
233.971,318.186,14.577,8.021
233.238,318.498,14.574,8.039
232.505,318.810,14.570,8.056
231.772,319.122,14.567,8.073
231.039,319.435,14.564,8.091
230.307,319.747,14.561,8.108
229.574,320.059,14.557,8.125
228.841,320.371,14.554,8.143
228.108,320.684,14.551,8.160
227.376,320.996,14.548,8.178
226.643,321.308,14.544,8.195
225.910,321.620,14.541,8.212
225.177,321.933,14.538,8.230
224.445,322.245,14.534,8.247
223.712,322.557,14.531,8.264
222.979,322.869,14.528,8.282
222.246,323.182,14.525,8.299
221.513,323.494,14.521,8.316
220.781,323.806,14.518,8.334
220.048,324.118,14.515,8.351
219.315,324.430,14.511,8.368
218.582,324.743,14.508,8.386
217.850,325.055,14.505,8.403
217.117,325.367,14.502,8.420
216.384,325.679,14.498,8.438
215.651,325.992,14.495,8.455
214.918,326.304,14.492,8.472
214.186,326.616,14.488,8.490
213.453,326.928,14.485,8.507
212.720,327.241,14.482,8.524
211.987,327.553,14.479,8.542
211.255,327.865,14.475,8.559
210.524,328.201,14.475,8.559
209.794,328.538,14.475,8.559
209.064,328.874,14.475,8.559
208.333,329.211,14.475,8.559
207.603,329.547,14.475,8.559
206.873,329.883,14.475,8.559
206.142,330.220,14.475,8.559
205.412,330.556,14.475,8.559
204.682,330.892,14.475,8.559
203.952,331.229,14.475,8.559
203.221,331.565,14.475,8.559
202.491,331.901,14.475,8.559
201.761,332.238,14.475,8.559
201.030,332.574,14.475,8.559
200.300,332.911,14.475,8.559
199.570,333.247,14.475,8.559
198.839,333.583,14.475,8.559
198.109,333.920,14.475,8.559
197.379,334.256,14.475,8.559
196.649,334.592,14.475,8.559
195.918,334.929,14.475,8.559
195.188,335.265,14.475,8.559
194.458,335.601,14.475,8.559
193.727,335.938,14.475,8.559
192.997,336.274,14.475,8.559
192.267,336.611,14.475,8.559
191.536,336.947,14.475,8.559
190.806,337.283,14.475,8.559
190.076,337.620,14.475,8.559
189.345,337.956,14.475,8.559
188.615,338.292,14.475,8.559
187.885,338.629,14.475,8.559
187.155,338.965,14.475,8.559
186.414,339.299,14.475,8.559
185.673,339.634,14.475,8.559
184.933,339.968,14.475,8.559
184.192,340.303,14.475,8.559
183.451,340.637,14.475,8.559
182.711,340.971,14.475,8.559
181.970,341.306,14.475,8.559
181.230,341.640,14.475,8.559
180.489,341.974,14.475,8.559
179.748,342.309,14.475,8.559
179.008,342.643,14.475,8.559
178.267,342.978,14.475,8.559
177.526,343.312,14.475,8.559
176.786,343.646,14.475,8.559
176.045,343.981,14.475,8.559
175.305,344.315,14.475,8.559
174.564,344.649,14.475,8.559
173.823,344.984,14.475,8.559
173.083,345.318,14.475,8.559
172.342,345.653,14.475,8.559
171.601,345.987,14.475,8.559
170.861,346.321,14.475,8.559
170.120,346.656,14.475,8.559
169.380,346.990,14.475,8.559
168.639,347.324,14.475,8.559
167.898,347.659,14.475,8.559
167.158,347.993,14.475,8.559
166.417,348.328,14.475,8.559
165.676,348.662,14.475,8.559
164.936,348.996,14.475,8.559
164.195,349.331,14.475,8.559
163.455,349.665,14.475,8.559
162.743,350.036,14.475,8.559
162.031,350.406,14.475,8.559
161.319,350.777,14.475,8.559
160.608,351.147,14.475,8.559
159.896,351.518,14.475,8.559
159.184,351.889,14.475,8.559
158.472,352.259,14.475,8.559
157.760,352.630,14.475,8.559
157.049,353.000,14.475,8.559
156.337,353.371,14.475,8.559
155.625,353.742,14.475,8.559
154.913,354.112,14.475,8.559
154.202,354.483,14.475,8.559
153.490,354.853,14.475,8.559
152.778,355.224,14.475,8.559
152.066,355.595,14.475,8.559
151.355,355.965,14.475,8.559
