511.400,150.000,14.400,5.750
510.870,150.120,14.400,5.870
510.340,150.240,14.400,5.990
509.810,150.360,14.400,6.110
509.280,150.480,14.400,6.310
508.750,150.600,14.400,6.530
508.220,150.720,14.400,6.740
507.690,150.840,14.400,6.960
507.160,150.960,14.400,7.170
506.630,151.080,14.400,7.390
506.100,151.200,14.400,7.600
505.570,151.350,14.400,7.600
505.040,151.500,14.400,7.600
504.510,151.650,14.400,7.600
503.980,151.800,14.400,7.600
503.450,151.950,14.400,7.600
502.920,152.100,14.400,7.600
502.390,152.250,14.400,7.600
501.860,152.400,14.400,7.600
501.330,152.550,14.400,7.600
500.800,152.700,14.400,7.600
500.300,152.970,14.320,7.600
499.800,153.240,14.240,7.600
499.300,153.510,14.160,7.600
498.800,153.780,14.080,7.600
498.300,154.050,14.000,7.600
497.800,154.320,13.920,7.600
497.300,154.590,13.840,7.600
496.800,154.860,13.760,7.600
496.300,155.130,13.680,7.600
495.800,155.400,13.600,7.600
495.220,155.680,13.600,7.600
494.640,155.960,13.600,7.600
494.060,156.240,13.600,7.600
493.480,156.520,13.600,7.600
492.900,156.800,13.600,7.600
492.320,157.080,13.600,7.600
491.740,157.360,13.600,7.600
491.160,157.640,13.600,7.600
490.580,157.920,13.600,7.600
490.000,158.200,13.600,7.600
489.520,158.400,13.600,7.600
489.040,158.600,13.600,7.600
488.560,158.800,13.600,7.600
488.080,159.000,13.600,7.600
487.600,159.200,13.600,7.600
487.120,159.400,13.600,7.600
486.640,159.600,13.600,7.600
486.160,159.800,13.600,7.600
485.680,160.000,13.600,7.600
485.200,160.200,13.600,7.600
484.630,160.510,13.600,7.600
484.060,160.820,13.600,7.600
483.490,161.130,13.600,7.600
482.920,161.440,13.600,7.600
482.350,161.750,13.600,7.600
481.780,162.060,13.600,7.600
481.210,162.370,13.600,7.600
480.640,162.680,13.600,7.600
480.070,162.990,13.600,7.600
479.500,163.300,13.600,7.600
479.080,163.470,13.550,7.720
478.660,163.640,13.500,7.840
478.240,163.810,13.450,7.960
477.820,163.980,13.400,8.080
477.400,164.150,13.350,8.200
476.980,164.320,13.300,8.320
476.560,164.490,13.250,8.440
476.140,164.660,13.200,8.560
475.720,164.830,13.150,8.680
475.300,165.000,13.100,8.800
474.740,165.330,13.100,8.800
474.180,165.660,13.100,8.800
473.620,165.990,13.100,8.800
473.060,166.320,13.100,8.800
472.500,166.650,13.100,8.800
471.940,166.980,13.100,8.800
471.380,167.310,13.100,8.800
470.820,167.640,13.100,8.800
470.260,167.970,13.100,8.800
469.700,168.300,13.100,8.800
469.260,168.520,13.100,8.800
468.820,168.740,13.100,8.800
468.380,168.960,13.100,8.800
467.940,169.180,13.100,8.800
467.500,169.400,13.100,8.800
467.060,169.620,13.100,8.800
466.620,169.840,13.100,8.800
466.180,170.060,13.100,8.800
465.740,170.280,13.100,8.800
465.300,170.500,13.100,8.800
464.730,170.790,13.100,8.800
464.160,171.080,13.100,8.800
463.590,171.370,13.100,8.800
463.020,171.660,13.100,8.800
462.450,171.950,13.100,8.800
461.880,172.240,13.100,8.800
461.310,172.530,13.100,8.800
460.740,172.820,13.100,8.800
460.170,173.110,13.100,8.800
459.600,173.400,13.100,8.800
459.190,173.590,13.100,8.800
458.780,173.780,13.100,8.800
458.370,173.970,13.100,8.800
457.960,174.160,13.100,8.800
457.550,174.350,13.100,8.800
457.140,174.540,13.100,8.800
456.730,174.730,13.100,8.800
456.320,174.920,13.100,8.800
455.910,175.110,13.100,8.800
455.500,175.300,13.100,8.800
455.040,175.530,13.100,8.800
454.580,175.760,13.100,8.800
454.120,175.990,13.100,8.800
453.660,176.220,13.100,8.800
453.200,176.450,13.100,8.800
452.740,176.680,13.100,8.800
452.280,176.910,13.100,8.800
451.820,177.140,13.100,8.800
451.360,177.370,13.100,8.800
450.900,177.600,13.100,8.800
450.290,177.970,13.100,8.730
449.680,178.340,13.100,8.660
449.070,178.710,13.100,8.590
448.460,179.080,13.100,8.520
447.850,179.450,13.100,8.450
447.240,179.820,13.100,8.380
446.630,180.190,13.100,8.310
446.020,180.560,13.100,8.240
445.410,180.930,13.100,8.170
444.800,181.300,13.100,8.100
444.440,181.530,13.100,8.100
444.080,181.760,13.100,8.100
443.720,181.990,13.100,8.100
443.360,182.220,13.100,8.100
443.000,182.450,13.100,8.100
442.640,182.680,13.100,8.100
442.280,182.910,13.100,8.100
441.920,183.140,13.100,8.100
441.560,183.370,13.100,8.100
441.200,183.600,13.100,8.100
440.790,183.840,13.100,8.100
440.380,184.080,13.100,8.100
439.970,184.320,13.100,8.100
439.560,184.560,13.100,8.100
439.150,184.800,13.100,8.100
438.740,185.040,13.100,8.100
438.330,185.280,13.100,8.100
437.920,185.520,13.100,8.100
437.510,185.760,13.100,8.100
437.100,186.000,13.100,8.100
436.430,186.350,13.060,8.100
435.760,186.700,13.020,8.100
435.090,187.050,12.980,8.100
434.420,187.400,12.940,8.100
433.750,187.750,12.900,8.100
433.080,188.100,12.860,8.100
432.410,188.450,12.820,8.100
431.740,188.800,12.780,8.100
431.070,189.150,12.740,8.100
430.400,189.500,12.700,8.100
429.930,189.760,12.700,8.100
429.460,190.020,12.700,8.100
428.990,190.280,12.700,8.100
428.520,190.540,12.700,8.100
428.050,190.800,12.700,8.100
427.580,191.060,12.700,8.100
427.110,191.320,12.700,8.100
426.640,191.580,12.700,8.100
426.170,191.840,12.700,8.100
425.700,192.100,12.700,8.100
425.280,192.380,12.700,8.100
424.860,192.660,12.700,8.100
424.440,192.940,12.700,8.100
424.020,193.220,12.700,8.100
423.600,193.500,12.700,8.100
423.180,193.780,12.700,8.100
422.760,194.060,12.700,8.100
422.340,194.340,12.700,8.100
421.920,194.620,12.700,8.100
421.500,194.900,12.700,8.100
421.110,195.150,12.700,8.100
420.720,195.400,12.700,8.100
420.330,195.650,12.700,8.100
419.940,195.900,12.700,8.100
419.550,196.150,12.700,8.100
419.160,196.400,12.700,8.100
418.770,196.650,12.700,8.100
418.380,196.900,12.700,8.100
417.990,197.150,12.700,8.100
417.600,197.400,12.700,8.100
417.040,197.640,12.700,8.100
416.480,197.880,12.700,8.100
415.920,198.120,12.700,8.100
415.360,198.360,12.700,8.100
414.800,198.600,12.700,8.100
414.240,198.840,12.700,8.100
413.680,199.080,12.700,8.100
413.120,199.320,12.700,8.100
412.560,199.560,12.700,8.100
412.000,199.800,12.700,8.100
411.590,200.090,12.700,8.100
411.180,200.380,12.700,8.100
410.770,200.670,12.700,8.100
410.360,200.960,12.700,8.100
409.950,201.250,12.700,8.100
409.540,201.540,12.700,8.100
409.130,201.830,12.700,8.100
408.720,202.120,12.700,8.100
408.310,202.410,12.700,8.100
407.900,202.700,12.700,8.100
407.420,202.920,12.700,8.100
406.940,203.140,12.700,8.100
406.460,203.360,12.700,8.100
405.980,203.580,12.700,8.100
405.500,203.800,12.700,8.100
405.020,204.020,12.700,8.100
404.540,204.240,12.700,8.100
404.060,204.460,12.700,8.100
403.580,204.680,12.700,8.100
403.100,204.900,12.700,8.100
402.520,205.210,12.700,8.100
401.940,205.520,12.700,8.100
401.360,205.830,12.700,8.100
400.780,206.140,12.700,8.100
400.200,206.450,12.700,8.100
399.620,206.760,12.700,8.100
399.040,207.070,12.700,8.100
398.460,207.380,12.700,8.100
397.880,207.690,12.700,8.100
397.300,208.000,12.700,8.100
396.730,208.230,12.700,8.100
396.160,208.460,12.700,8.100
395.590,208.690,12.700,8.100
395.020,208.920,12.700,8.100
394.450,209.150,12.700,8.100
393.880,209.380,12.700,8.100
393.310,209.610,12.700,8.100
392.740,209.840,12.700,8.100
392.170,210.070,12.700,8.100
391.600,210.300,12.700,8.100
391.180,210.540,12.700,8.100
390.760,210.780,12.700,8.100
390.340,211.020,12.700,8.100
389.920,211.260,12.700,8.100
389.500,211.500,12.700,8.100
389.080,211.740,12.700,8.100
388.660,211.980,12.700,8.100
388.240,212.220,12.700,8.100
387.820,212.460,12.700,8.100
387.400,212.700,12.700,8.100
386.840,212.940,12.700,8.100
386.280,213.180,12.700,8.100
385.720,213.420,12.700,8.100
385.160,213.660,12.700,8.100
384.600,213.900,12.700,8.100
384.040,214.140,12.700,8.100
383.480,214.380,12.700,8.100
382.920,214.620,12.700,8.100
382.360,214.860,12.700,8.100
381.800,215.100,12.700,8.100
381.310,215.390,12.700,8.100
380.820,215.680,12.700,8.100
380.330,215.970,12.700,8.100
379.840,216.260,12.700,8.100
379.350,216.550,12.700,8.100
378.860,216.840,12.700,8.100
378.370,217.130,12.700,8.100
377.812,217.390,12.701,8.087
377.255,217.650,12.702,8.073
376.697,217.910,12.702,8.060
376.140,218.170,12.703,8.047
375.582,218.430,12.704,8.034
375.025,218.690,12.704,8.020
374.467,218.950,12.705,8.007
373.910,219.210,12.706,7.994
373.352,219.470,12.707,7.981
372.795,219.730,12.708,7.968
372.238,219.990,12.708,7.954
371.680,220.250,12.709,7.941
371.123,220.510,12.710,7.928
370.565,220.770,12.711,7.915
370.007,221.030,12.711,7.901
369.450,221.290,12.712,7.888
368.892,221.550,12.713,7.875
368.335,221.810,12.714,7.862
367.777,222.070,12.714,7.848
367.220,222.330,12.715,7.835
366.662,222.590,12.716,7.822
366.105,222.850,12.717,7.809
365.547,223.110,12.717,7.795
364.990,223.370,12.718,7.782
364.432,223.630,12.719,7.769
363.875,223.890,12.720,7.756
363.317,224.150,12.720,7.742
362.760,224.410,12.721,7.729
362.202,224.670,12.722,7.716
361.645,224.930,12.723,7.703
361.087,225.190,12.723,7.689
360.530,225.450,12.724,7.676
359.972,225.710,12.725,7.663
359.415,225.970,12.726,7.650
358.857,226.230,12.726,7.636
358.300,226.490,12.727,7.623
357.742,226.750,12.728,7.610
357.185,227.010,12.729,7.597
356.627,227.270,12.729,7.583
356.070,227.530,12.730,7.570
357.540,227.180,12.320,8.110
357.060,227.320,12.480,8.110
356.580,227.460,12.640,8.110
356.100,227.600,12.800,8.110
355.570,227.870,12.800,8.110
355.040,228.140,12.800,8.110
354.510,228.410,12.800,8.110
353.980,228.680,12.800,8.110
353.450,228.950,12.800,8.110
352.920,229.220,12.800,8.110
352.390,229.490,12.800,8.110
351.860,229.760,12.800,8.110
351.330,230.030,12.800,8.110
350.800,230.300,12.800,8.110
350.310,230.490,12.860,8.110
349.820,230.680,12.920,8.110
349.330,230.870,12.980,8.110
348.840,231.060,13.040,8.110
348.350,231.250,13.100,8.110
347.860,231.440,13.160,8.110
347.370,231.630,13.220,8.110
346.880,231.820,13.280,8.110
346.390,232.010,13.340,8.110
345.900,232.200,13.400,8.110
345.450,232.420,13.400,8.110
345.000,232.640,13.400,8.110
344.550,232.860,13.400,8.110
344.100,233.080,13.400,8.110
343.650,233.300,13.400,8.110
343.200,233.520,13.400,8.110
342.750,233.740,13.400,8.110
342.300,233.960,13.400,8.110
341.850,234.180,13.400,8.110
341.400,234.400,13.400,8.110
340.830,234.670,13.400,8.110
340.260,234.940,13.400,8.110
339.690,235.210,13.400,8.110
339.120,235.480,13.400,8.110
338.550,235.750,13.400,8.110
337.980,236.020,13.400,8.110
337.410,236.290,13.400,8.110
336.840,236.560,13.400,8.110
336.270,236.830,13.400,8.110
335.700,237.100,13.400,8.110
335.210,237.340,13.400,8.110
334.720,237.580,13.400,8.110
334.230,237.820,13.400,8.110
333.740,238.060,13.400,8.110
333.250,238.300,13.400,8.110
332.760,238.540,13.400,8.110
332.270,238.780,13.400,8.110
331.780,239.020,13.400,8.110
331.290,239.260,13.400,8.110
330.800,239.500,13.400,8.110
330.120,239.850,13.400,8.110
329.440,240.200,13.400,8.110
328.760,240.550,13.400,8.110
328.080,240.900,13.400,8.110
327.400,241.250,13.400,8.110
326.720,241.600,13.400,8.110
326.040,241.950,13.400,8.110
325.360,242.300,13.400,8.110
324.680,242.650,13.400,8.110
324.000,243.000,13.400,8.110
323.460,243.290,13.400,8.110
322.920,243.580,13.400,8.110
322.380,243.870,13.400,8.110
321.840,244.160,13.400,8.110
321.300,244.450,13.400,8.110
320.760,244.740,13.400,8.110
320.220,245.030,13.400,8.110
319.680,245.320,13.400,8.110
319.140,245.610,13.400,8.110
318.600,245.900,13.400,8.110
318.220,246.060,13.400,8.110
317.840,246.220,13.400,8.110
317.460,246.380,13.400,8.110
317.080,246.540,13.400,8.110
316.700,246.700,13.400,8.110
316.320,246.860,13.400,8.110
315.940,247.020,13.400,8.110
315.560,247.180,13.400,8.110
315.180,247.340,13.400,8.110
314.800,247.500,13.400,8.110
314.190,247.770,13.400,8.110
313.580,248.040,13.400,8.110
312.970,248.310,13.400,8.110
312.360,248.580,13.400,8.110
311.750,248.850,13.400,8.110
311.140,249.120,13.400,8.110
310.530,249.390,13.400,8.110
309.920,249.660,13.400,8.110
309.310,249.930,13.400,8.110
308.700,250.200,13.400,8.110
308.100,250.460,13.400,8.110
307.500,250.720,13.400,8.110
306.900,250.980,13.400,8.110
306.300,251.240,13.400,8.110
305.700,251.500,13.400,8.110
305.100,251.760,13.400,8.110
304.500,252.020,13.400,8.110
303.900,252.280,13.400,8.110
303.300,252.540,13.400,8.110
302.700,252.800,13.400,8.110
302.070,253.090,13.400,8.110
301.440,253.380,13.400,8.110
300.810,253.670,13.400,8.110
300.180,253.960,13.400,8.110
299.550,254.250,13.400,8.110
298.920,254.540,13.400,8.110
298.290,254.830,13.400,8.110
297.660,255.120,13.400,8.110
297.030,255.410,13.400,8.110
296.400,255.700,13.400,8.110
296.020,255.890,13.400,8.110
295.640,256.080,13.400,8.110
295.260,256.270,13.400,8.110
294.880,256.460,13.400,8.110
294.500,256.650,13.400,8.110
294.120,256.840,13.400,8.110
293.740,257.030,13.400,8.110
293.360,257.220,13.400,8.110
292.980,257.410,13.400,8.110
292.600,257.600,13.400,8.110
291.900,257.880,13.400,8.110
291.200,258.160,13.400,8.110
290.500,258.440,13.400,8.110
289.800,258.720,13.400,8.110
289.100,259.000,13.400,8.110
288.400,259.280,13.390,8.110
287.700,259.560,13.390,8.110
287.000,259.840,13.390,8.110
286.300,260.120,13.390,8.110
285.600,260.400,13.390,8.110
284.930,260.660,13.390,8.110
284.321,260.917,13.390,8.110
283.713,261.175,13.390,8.110
283.104,261.432,13.390,8.110
282.496,261.690,13.390,8.110
281.887,261.947,13.390,8.110
281.279,262.205,13.390,8.110
280.670,262.462,13.390,8.110
280.062,262.720,13.390,8.110
279.453,262.977,13.390,8.110
278.845,263.234,13.390,8.110
278.236,263.492,13.390,8.110
277.628,263.749,13.390,8.110
277.019,264.007,13.390,8.110
276.411,264.264,13.390,8.110
275.802,264.522,13.390,8.110
275.194,264.779,13.390,8.110
274.585,265.037,13.390,8.110
273.977,265.294,13.390,8.110
273.368,265.551,13.390,8.110
272.760,265.809,13.390,8.110
272.151,266.066,13.390,8.110
271.543,266.324,13.390,8.110
270.934,266.581,13.390,8.110
270.326,266.839,13.390,8.110
269.717,267.096,13.390,8.110
269.109,267.354,13.390,8.110
268.500,267.611,13.390,8.110
267.892,267.869,13.390,8.110
267.283,268.126,13.390,8.110
266.675,268.383,13.390,8.110
266.066,268.641,13.390,8.110
265.458,268.898,13.390,8.110
264.849,269.156,13.390,8.110
264.241,269.413,13.390,8.110
263.632,269.671,13.390,8.110
263.024,269.928,13.390,8.110
262.415,270.186,13.390,8.110
261.807,270.443,13.390,8.110
261.198,270.700,13.390,8.110
260.590,270.958,13.390,8.110
259.981,271.215,13.390,8.110
259.373,271.473,13.390,8.110
258.773,271.729,13.390,8.110
258.173,271.985,13.390,8.110
257.573,272.242,13.390,8.110
256.973,272.498,13.390,8.110
256.373,272.754,13.390,8.110
255.773,273.010,13.390,8.110
255.173,273.267,13.390,8.110
254.573,273.523,13.390,8.110
253.973,273.779,13.390,8.110
253.373,274.035,13.390,8.110
252.773,274.292,13.390,8.110
252.173,274.548,13.390,8.110
251.573,274.804,13.390,8.110
250.973,275.060,13.390,8.110
250.373,275.317,13.390,8.110
249.773,275.573,13.390,8.110
249.173,275.829,13.390,8.110
248.573,276.085,13.390,8.110
247.973,276.342,13.390,8.110
247.373,276.598,13.390,8.110
246.773,276.854,13.390,8.110
246.173,277.110,13.390,8.110
245.573,277.367,13.390,8.110
244.973,277.623,13.390,8.110
244.373,277.879,13.390,8.110
243.809,278.106,13.391,8.101
243.245,278.332,13.393,8.092
242.681,278.559,13.394,8.083
242.117,278.786,13.395,8.073
241.553,279.012,13.397,8.064
240.989,279.239,13.398,8.055
240.425,279.466,13.399,8.046
239.861,279.693,13.401,8.037
239.297,279.919,13.402,8.028
238.733,280.146,13.403,8.019
238.169,280.373,13.405,8.009
237.605,280.599,13.406,8.000
237.041,280.826,13.407,7.991
236.477,281.053,13.409,7.982
235.913,281.279,13.410,7.973
235.349,281.506,13.411,7.964
234.785,281.733,13.413,7.955
234.221,281.959,13.414,7.945
233.658,282.186,13.415,7.936
233.094,282.413,13.416,7.927
232.530,282.639,13.418,7.918
231.966,282.866,13.419,7.909
231.402,283.093,13.420,7.900
230.838,283.320,13.422,7.891
230.274,283.546,13.423,7.881
229.710,283.773,13.424,7.872
229.146,284.000,13.426,7.863
228.582,284.226,13.427,7.854
228.018,284.453,13.428,7.845
227.454,284.680,13.430,7.836
226.890,284.906,13.431,7.827
226.326,285.133,13.432,7.817
225.762,285.360,13.434,7.808
225.198,285.586,13.435,7.799
224.634,285.813,13.436,7.790
224.070,286.040,13.438,7.781
223.506,286.266,13.439,7.772
222.943,286.493,13.440,7.763
222.379,286.720,13.442,7.753
221.815,286.947,13.443,7.744
221.251,287.173,13.444,7.735
220.697,287.367,13.445,7.693
220.144,287.560,13.446,7.652
219.591,287.754,13.447,7.610
219.037,287.948,13.448,7.568
218.484,288.141,13.449,7.526
217.931,288.335,13.450,7.484
217.377,288.529,13.451,7.443
216.824,288.722,13.452,7.401
216.271,288.916,13.453,7.359
215.717,289.110,13.454,7.317
215.164,289.303,13.455,7.276
214.610,289.497,13.456,7.234
214.057,289.691,13.457,7.192
213.504,289.884,13.458,7.150
212.950,290.078,13.459,7.108
212.397,290.271,13.460,7.067
211.844,290.465,13.461,7.025
211.290,290.659,13.462,6.983
210.737,290.852,13.463,6.941
210.184,291.046,13.463,6.899
209.630,291.240,13.464,6.858
209.077,291.433,13.465,6.816
208.524,291.627,13.466,6.774
207.970,291.821,13.467,6.732
207.417,292.014,13.468,6.691
206.864,292.208,13.469,6.649
206.310,292.401,13.470,6.607
205.757,292.595,13.471,6.565
205.204,292.789,13.472,6.523
204.650,292.982,13.473,6.482
204.097,293.176,13.474,6.440
203.543,293.370,13.475,6.398
202.990,293.563,13.476,6.356
202.437,293.757,13.477,6.314
201.883,293.951,13.478,6.273
201.330,294.144,13.479,6.231
200.799,294.307,13.475,6.184
200.268,294.470,13.472,6.138
199.738,294.632,13.468,6.091
199.207,294.795,13.465,6.045
198.676,294.958,13.461,5.998
198.145,295.121,13.457,5.952
197.614,295.284,13.454,5.906
197.083,295.446,13.450,5.859
196.553,295.609,13.447,5.813
196.022,295.772,13.443,5.766
195.491,295.935,13.439,5.720
194.960,296.097,13.436,5.673
194.429,296.260,13.432,5.627
193.898,296.423,13.429,5.580
193.367,296.586,13.425,5.534
192.837,296.749,13.422,5.487
192.306,296.911,13.418,5.441
191.775,297.074,13.414,5.394
191.273,297.180,13.417,5.441
190.772,297.285,13.419,5.488
190.270,297.390,13.422,5.535
189.769,297.496,13.424,5.582
189.267,297.601,13.426,5.629
188.765,297.707,13.429,5.676
188.264,297.812,13.431,5.723
187.762,297.918,13.433,5.770
187.260,298.023,13.436,5.817
186.759,298.129,13.438,5.864
186.257,298.234,13.440,5.911
185.756,298.340,13.443,5.958
185.254,298.445,13.445,6.005
184.752,298.551,13.448,6.052
184.251,298.656,13.450,6.099
183.749,298.762,13.452,6.146
183.247,298.867,13.455,6.193
182.746,298.973,13.457,6.240
182.244,299.078,13.459,6.287
181.743,299.184,13.462,6.334
181.241,299.289,13.464,6.381
180.739,299.395,13.467,6.428
180.238,299.500,13.469,6.475
179.742,299.670,13.468,6.521
179.246,299.841,13.468,6.568
178.749,300.011,13.467,6.614
178.253,300.181,13.467,6.660
177.757,300.351,13.466,6.707
177.261,300.522,13.465,6.753
176.765,300.692,13.465,6.799
176.269,300.862,13.464,6.845
175.773,301.033,13.464,6.892
175.277,301.203,13.463,6.938
174.781,301.373,13.463,6.984
174.285,301.544,13.462,7.030
173.788,301.714,13.461,7.077
173.292,301.884,13.461,7.123
172.796,302.054,13.460,7.169
172.300,302.225,13.460,7.216
171.804,302.395,13.459,7.262
171.308,302.565,13.459,7.308
170.812,302.736,13.458,7.354
170.316,302.906,13.457,7.401
169.820,303.076,13.457,7.447
169.324,303.246,13.456,7.493
168.827,303.417,13.456,7.539
168.331,303.587,13.455,7.586
167.835,303.757,13.455,7.632
167.339,303.928,13.454,7.678
166.843,304.098,13.453,7.724
166.355,304.299,13.440,7.795
165.866,304.501,13.426,7.866
165.378,304.702,13.413,7.937
164.889,304.904,13.399,8.008
164.401,305.105,13.386,8.079
163.912,305.307,13.372,8.150
163.424,305.508,13.359,8.221
162.935,305.709,13.345,8.292
162.447,305.911,13.332,8.363
161.958,306.112,13.318,8.434
161.470,306.314,13.305,8.505
160.981,306.515,13.291,8.576
160.493,306.717,13.277,8.647
160.004,306.918,13.264,8.718
159.516,307.120,13.250,8.789
159.027,307.321,13.237,8.860
158.539,307.523,13.223,8.931
158.050,307.724,13.210,9.002
157.562,307.925,13.196,9.073
157.073,308.127,13.183,9.144
156.585,308.328,13.169,9.215
156.096,308.530,13.156,9.286
155.652,308.821,13.154,9.292
155.208,309.113,13.151,9.298
154.764,309.404,13.149,9.304
154.320,309.695,13.147,9.310
153.875,309.987,13.145,9.316
153.431,310.278,13.143,9.322
152.987,310.570,13.141,9.328
152.543,310.861,13.139,9.334
152.098,311.152,13.137,9.340
151.654,311.444,13.135,9.346
151.210,311.735,13.133,9.352
150.766,312.027,13.131,9.358
150.322,312.318,13.129,9.364
149.877,312.609,13.126,9.370
149.433,312.901,13.124,9.376
148.989,313.192,13.122,9.382
148.545,313.484,13.120,9.388
148.100,313.775,13.118,9.394
147.656,314.066,13.116,9.400
147.212,314.358,13.114,9.406
146.768,314.649,13.112,9.412
146.324,314.941,13.110,9.418
145.879,315.232,13.108,9.424
145.435,315.523,13.106,9.430
144.991,315.815,13.103,9.436
144.547,316.106,13.101,9.442
144.102,316.398,13.099,9.448
143.658,316.689,13.097,9.454
143.214,316.980,13.095,9.460
142.770,317.272,13.093,9.466
142.325,317.563,13.091,9.472
141.881,317.855,13.089,9.478
141.437,318.146,13.087,9.484
140.993,318.437,13.085,9.490
140.549,318.729,13.083,9.496
140.104,319.020,13.081,9.502
139.660,319.312,13.078,9.508
139.216,319.603,13.076,9.514
138.772,319.894,13.074,9.520
138.327,320.186,13.072,9.526
137.883,320.477,13.070,9.532
137.439,320.769,13.068,9.538
136.995,321.060,13.066,9.544
136.551,321.351,13.064,9.550
136.106,321.643,13.062,9.556
135.662,321.934,13.060,9.562
135.218,322.226,13.058,9.568
134.774,322.517,13.055,9.574
134.329,322.808,13.053,9.580
133.885,323.100,13.051,9.586
133.441,323.391,13.049,9.592
132.997,323.683,13.047,9.598
132.561,323.976,13.052,9.583
132.125,324.269,13.058,9.567
131.689,324.562,13.063,9.552
131.253,324.855,13.068,9.537
130.817,325.148,13.073,9.522
130.381,325.441,13.079,9.507
129.945,325.735,13.084,9.492
129.509,326.028,13.089,9.477
129.073,326.321,13.094,9.462
128.637,326.614,13.100,9.446
128.201,326.907,13.105,9.431
127.765,327.200,13.110,9.416
127.329,327.493,13.115,9.401
126.893,327.786,13.121,9.386
126.457,328.080,13.126,9.371
126.021,328.373,13.131,9.356
125.585,328.666,13.136,9.341
125.149,328.959,13.142,9.325
