153.000,119.800,6.600,8.000
152.988,119.531,6.600,8.000
152.976,119.261,6.600,8.000
152.986,118.986,6.527,7.975
152.996,118.710,6.455,7.951
153.007,118.434,6.382,7.927
153.017,118.159,6.309,7.902
153.027,117.883,6.236,7.878
153.037,117.608,6.175,7.853
153.047,117.332,6.138,7.829
153.057,117.057,6.100,7.804
153.068,116.781,6.063,7.780
153.078,116.506,6.025,7.755
153.088,116.231,5.988,7.731
153.098,115.955,5.951,7.706
153.108,115.680,5.913,7.682
153.119,115.404,5.876,7.657
153.129,115.129,5.838,7.633
153.139,114.853,5.801,7.608
153.149,114.578,5.763,7.584
153.159,114.302,5.726,7.559
153.169,114.026,5.688,7.535
153.180,113.751,5.651,7.510
153.190,113.475,5.613,7.486
153.176,113.200,5.600,7.461
153.206,112.971,5.556,7.439
153.236,112.741,5.512,7.416
153.266,112.512,5.468,7.394
153.296,112.282,5.424,7.371
153.327,112.053,5.379,7.349
153.357,111.824,5.335,7.327
153.387,111.594,5.291,7.304
153.417,111.365,5.247,7.282
153.447,111.135,5.203,7.260
153.477,110.906,5.159,7.237
153.507,110.676,5.115,7.215
153.537,110.447,5.071,7.192
153.568,110.218,5.026,7.170
153.598,109.988,4.982,7.148
153.628,109.759,4.938,7.125
153.658,109.529,4.919,7.103
153.688,109.300,4.912,7.081
153.718,109.071,4.905,7.058
153.748,108.841,4.899,7.036
153.778,108.612,4.892,7.013
153.808,108.382,4.886,6.991
153.839,108.153,4.879,6.969
153.869,107.924,4.872,6.946
153.899,107.694,4.866,6.924
153.929,107.465,4.859,6.901
153.959,107.235,4.853,6.879
153.989,107.006,4.846,6.857
154.019,106.776,4.840,6.834
154.049,106.547,4.833,6.812
154.080,106.318,4.826,6.790
154.110,106.088,4.820,6.767
154.140,105.859,4.813,6.745
154.170,105.629,4.807,6.722
154.200,105.400,4.800,6.700
154.285,105.195,4.825,6.698
154.371,104.989,4.850,6.696
154.456,104.784,4.876,6.694
154.541,104.578,4.901,6.692
154.611,104.375,4.927,6.690
154.680,104.172,4.954,6.687
154.749,103.969,4.981,6.685
154.819,103.766,5.007,6.683
154.888,103.563,5.034,6.681
154.957,103.360,5.060,6.678
155.027,103.157,5.087,6.676
155.096,102.954,5.114,6.674
155.165,102.751,5.140,6.671
155.235,102.548,5.167,6.669
155.304,102.345,5.193,6.667
155.374,102.142,5.220,6.664
155.443,101.939,5.247,6.662
155.512,101.736,5.273,6.660
155.582,101.533,5.300,6.657
155.651,101.330,5.327,6.655
155.720,101.127,5.353,6.653
155.790,100.924,5.380,6.650
155.859,100.721,5.406,6.648
155.929,100.518,5.433,6.646
155.998,100.315,5.460,6.643
156.067,100.112,5.486,6.641
156.137,99.909,5.513,6.639
156.206,99.705,5.539,6.636
156.275,99.502,5.566,6.634
156.345,99.299,5.593,6.632
156.414,99.096,5.619,6.629
156.484,98.893,5.646,6.627
156.553,98.690,5.672,6.625
156.622,98.487,5.699,6.623
156.692,98.284,5.726,6.620
156.761,98.081,5.752,6.618
156.909,97.958,5.777,6.590
157.058,97.834,5.801,6.563
157.206,97.711,5.825,6.535
157.354,97.588,5.849,6.507
157.502,97.464,5.873,6.480
157.650,97.341,5.897,6.452
157.799,97.217,5.922,6.424
157.947,97.094,5.946,6.397
158.095,96.971,5.970,6.369
158.243,96.847,5.994,6.341
158.391,96.724,6.018,6.314
158.540,96.601,6.043,6.286
158.688,96.477,6.067,6.259
158.836,96.354,6.091,6.231
158.984,96.230,6.115,6.203
159.132,96.107,6.139,6.176
159.281,95.984,6.164,6.148
159.429,95.860,6.188,6.120
159.577,95.737,6.212,6.093
159.801,95.649,6.206,6.023
160.025,95.505,6.200,6.008
160.249,95.361,6.194,5.994
160.473,95.216,6.193,5.981
160.697,95.072,6.231,5.967
160.921,94.927,6.269,5.953
161.145,94.782,6.307,5.940
161.369,94.638,6.345,5.926
161.593,94.493,6.383,5.913
161.817,94.348,6.421,5.899
162.041,94.204,6.459,5.886
162.265,94.059,6.497,5.872
162.489,93.915,6.535,5.858
162.713,93.770,6.573,5.845
162.937,93.625,6.610,5.831
163.161,93.481,6.648,5.818
163.385,93.336,6.686,5.804
163.609,93.191,6.724,5.791
163.833,93.047,6.762,5.777
164.057,92.902,6.800,5.763
164.281,92.758,6.838,5.750
164.505,92.613,6.876,5.736
164.729,92.468,6.914,5.723
164.953,92.324,6.952,5.709
165.224,92.272,6.943,5.659
165.496,92.221,6.935,5.609
165.768,92.169,6.926,5.559
166.040,92.118,6.918,5.509
166.312,92.066,6.910,5.459
166.584,92.015,6.901,5.409
166.856,91.963,6.893,5.359
167.128,91.912,6.884,5.309
167.399,91.860,6.876,5.259
167.671,91.809,6.867,5.209
167.943,91.757,6.859,5.159
168.215,91.706,6.851,5.109
168.487,91.654,6.842,5.059
168.759,91.603,6.834,5.009
169.031,91.551,6.825,4.959
169.303,91.500,6.817,4.909
169.574,91.448,6.808,4.859
169.846,91.397,6.800,4.808
170.087,91.313,6.803,4.846
170.328,91.229,6.805,4.883
170.570,91.145,6.808,4.921
170.811,91.062,6.810,4.958
171.052,90.978,6.813,4.995
171.293,90.894,6.815,5.033
171.534,90.810,6.818,5.070
171.775,90.727,6.820,5.108
172.016,90.643,6.823,5.145
172.257,90.559,6.826,5.182
172.498,90.475,6.828,5.220
172.740,90.392,6.831,5.257
172.981,90.308,6.833,5.295
173.222,90.224,6.836,5.332
173.463,90.140,6.838,5.370
173.704,90.056,6.841,5.407
173.945,89.973,6.844,5.444
174.186,89.889,6.846,5.482
174.427,89.805,6.849,5.519
174.668,89.721,6.851,5.557
174.909,89.638,6.854,5.594
175.151,89.554,6.856,5.631
175.392,89.470,6.859,5.669
175.633,89.386,6.862,5.706
175.874,89.303,6.864,5.744
176.115,89.219,6.867,5.781
176.351,89.098,6.837,5.795
176.587,88.976,6.807,5.810
176.823,88.855,6.777,5.824
177.059,88.734,6.747,5.838
177.295,88.612,6.717,5.853
177.531,88.477,6.687,5.881
177.767,88.327,6.658,5.924
178.003,88.178,6.628,5.966
178.239,88.029,6.598,6.008
178.475,87.880,6.593,6.051
178.711,87.730,6.591,6.093
178.947,87.581,6.588,6.135
179.183,87.432,6.586,6.178
179.419,87.283,6.583,6.220
179.655,87.133,6.581,6.262
179.891,86.984,6.579,6.304
180.127,86.835,6.576,6.347
180.363,86.686,6.574,6.389
180.599,86.536,6.571,6.431
180.835,86.387,6.569,6.474
181.071,86.238,6.567,6.516
181.307,86.089,6.564,6.558
181.543,85.940,6.562,6.601
181.779,85.790,6.559,6.643
181.976,85.581,6.519,6.669
182.173,85.373,6.478,6.695
182.369,85.164,6.438,6.721
182.566,84.955,6.397,6.747
182.763,84.746,6.357,6.773
182.960,84.537,6.316,6.800
183.157,84.328,6.276,6.826
183.354,84.119,6.235,6.852
183.550,83.911,6.194,6.878
183.747,83.702,6.154,6.904
183.944,83.493,6.113,6.930
184.141,83.284,6.073,6.956
184.338,83.075,6.032,6.982
184.535,82.866,5.992,7.009
184.731,82.657,5.951,7.035
184.928,82.449,5.911,7.061
185.125,82.240,5.870,7.087
185.322,82.031,5.829,7.113
185.519,81.822,5.789,7.139
185.716,81.613,5.748,7.165
185.912,81.404,5.708,7.191
186.109,81.195,5.667,7.217
186.306,80.987,5.627,7.244
186.503,80.778,5.586,7.270
186.700,80.569,5.546,7.296
186.897,80.360,5.505,7.322
187.093,80.151,5.464,7.348
187.290,79.942,5.424,7.374
187.487,79.733,5.383,7.400
187.684,79.525,5.343,7.426
187.881,79.316,5.302,7.453
187.995,79.063,5.295,7.434
188.109,78.810,5.289,7.415
188.224,78.557,5.282,7.397
188.338,78.305,5.275,7.378
188.452,78.052,5.268,7.359
188.566,77.799,5.262,7.341
188.681,77.546,5.255,7.322
188.795,77.294,5.248,7.303
188.909,77.041,5.242,7.284
189.024,76.788,5.235,7.266
189.138,76.535,5.228,7.247
189.252,76.283,5.221,7.228
189.366,76.030,5.215,7.210
189.481,75.777,5.208,7.191
189.595,75.524,5.201,7.172
189.709,75.272,5.194,7.154
189.824,75.019,5.188,7.135
189.938,74.766,5.181,7.116
190.052,74.513,5.174,7.098
190.166,74.261,5.167,7.079
190.281,74.008,5.161,7.060
190.395,73.755,5.154,7.042
190.509,73.502,5.147,7.023
190.624,73.250,5.140,7.004
190.738,72.997,5.134,6.986
190.852,72.744,5.127,6.967
190.966,72.491,5.120,6.948
191.081,72.239,5.114,6.930
191.195,71.986,5.107,6.911
191.309,71.733,5.100,6.892
191.424,71.480,5.093,6.874
191.538,71.228,5.087,6.855
191.652,70.975,5.080,6.836
191.766,70.722,5.073,6.818
191.881,70.469,5.066,6.799
191.995,70.217,5.060,6.780
192.109,69.964,5.053,6.762
192.224,69.711,5.046,6.743
192.338,69.458,5.039,6.724
192.476,69.189,5.118,6.706
192.615,68.920,5.197,6.689
192.754,68.651,5.276,6.671
192.892,68.381,5.355,6.653
193.031,68.112,5.433,6.635
193.169,67.843,5.512,6.617
193.308,67.574,5.591,6.599
193.447,67.305,5.670,6.581
193.585,67.035,5.749,6.563
193.724,66.766,5.827,6.545
193.898,66.509,5.837,6.535
194.073,66.252,5.846,6.525
194.248,65.996,5.855,6.515
194.423,65.739,5.865,6.505
194.597,65.482,5.874,6.495
194.772,65.225,5.883,6.485
194.947,64.968,5.893,6.475
195.122,64.711,5.902,6.465
195.296,64.455,5.911,6.455
195.471,64.198,5.920,6.445
195.646,63.941,5.930,6.436
195.821,63.684,5.939,6.426
195.996,63.427,5.948,6.416
196.170,63.171,5.958,6.406
196.345,62.914,5.967,6.396
196.520,62.657,5.976,6.386
196.695,62.400,5.986,6.376
196.869,62.143,5.995,6.366
197.044,61.886,6.004,6.356
197.219,61.630,6.013,6.346
197.394,61.373,6.023,6.336
197.568,61.116,6.032,6.326
197.743,60.859,6.041,6.316
197.918,60.602,6.051,6.306
198.093,60.345,6.060,6.296
198.267,60.089,6.069,6.286
198.442,59.832,6.078,6.276
198.617,59.575,6.088,6.266
198.842,59.332,6.088,6.266
199.067,59.089,6.088,6.266
199.292,58.845,6.088,6.266
199.517,58.602,6.088,6.266
199.742,58.359,6.088,6.266
199.967,58.116,6.088,6.266
200.192,57.873,6.088,6.266
200.417,57.629,6.088,6.266
200.642,57.386,6.088,6.266
200.867,57.143,6.088,6.266
201.092,56.900,6.088,6.266
201.317,56.657,6.088,6.266
201.542,56.414,6.088,6.266
201.767,56.170,6.088,6.266
201.992,55.927,6.088,6.266
202.217,55.684,6.088,6.266
202.442,55.441,6.088,6.266
202.667,55.198,6.088,6.266
202.892,54.954,6.088,6.266
203.117,54.711,6.088,6.266
203.342,54.468,6.088,6.266
203.567,54.225,6.088,6.266
203.792,53.982,6.088,6.266
204.017,53.739,6.088,6.266
204.242,53.495,6.088,6.266
204.467,53.252,6.088,6.266
204.692,53.009,6.088,6.266
204.917,52.766,6.088,6.266
205.142,52.523,6.088,6.266
205.367,52.279,6.088,6.266
205.592,52.036,6.088,6.266
205.817,51.793,6.088,6.266
206.042,51.550,6.088,6.266
206.267,51.307,6.088,6.266
206.492,51.064,6.088,6.266
206.717,50.820,6.088,6.266
206.942,50.577,6.088,6.266
207.167,50.334,6.088,6.266
207.392,50.091,6.088,6.266
207.617,49.848,6.088,6.266
207.842,49.604,6.088,6.266
208.067,49.361,6.088,6.266
208.292,49.118,6.088,6.266
208.517,48.875,6.088,6.266
208.814,48.674,6.092,6.248
209.112,48.474,6.095,6.230
209.409,48.273,6.099,6.213
209.707,48.072,6.103,6.195
210.005,47.872,6.107,6.177
210.302,47.671,6.111,6.159
210.600,47.470,6.115,6.142
210.897,47.270,6.118,6.124
211.195,47.059,6.122,6.117
211.492,46.845,6.126,6.112
211.790,46.632,6.130,6.107
212.087,46.418,6.134,6.102
212.385,46.205,6.138,6.097
212.682,45.991,6.141,6.092
212.980,45.778,6.145,6.087
213.277,45.565,6.149,6.082
213.575,45.351,6.153,6.077
213.872,45.138,6.157,6.073
214.170,44.924,6.161,6.068
214.467,44.711,6.164,6.063
214.765,44.497,6.168,6.058
215.062,44.284,6.172,6.053
215.360,44.070,6.176,6.048
215.658,43.857,6.180,6.043
215.955,43.644,6.184,6.038
216.253,43.430,6.187,6.033
216.550,43.217,6.191,6.028
216.848,43.003,6.195,6.023
217.145,42.790,6.199,6.019
217.443,42.576,6.203,6.014
217.740,42.363,6.207,6.009
218.038,42.150,6.210,6.004
218.335,41.936,6.214,5.999
218.633,41.723,6.218,5.994
218.930,41.509,6.222,5.989
219.228,41.296,6.226,5.984
219.525,41.082,6.230,5.979
219.823,40.869,6.233,5.974
220.120,40.655,6.237,5.970
220.418,40.442,6.241,5.965
220.715,40.229,6.245,5.960
221.013,40.015,6.249,5.955
221.310,39.802,6.253,5.950
221.608,39.588,6.256,5.945
221.937,39.439,6.251,5.931
222.266,39.289,6.246,5.917
222.594,39.139,6.241,5.903
222.923,38.990,6.236,5.890
223.252,38.840,6.231,5.876
223.581,38.690,6.225,5.862
223.910,38.541,6.224,5.848
224.238,38.391,6.231,5.834
224.567,38.241,6.239,5.820
224.896,38.092,6.247,5.807
225.225,37.942,6.255,5.793
225.554,37.792,6.263,5.779
225.882,37.643,6.270,5.765
226.211,37.493,6.278,5.751
226.540,37.343,6.286,5.737
226.869,37.194,6.294,5.724
227.198,37.044,6.301,5.710
227.526,36.894,6.309,5.696
227.855,36.745,6.317,5.682
228.184,36.595,6.325,5.668
228.513,36.445,6.333,5.654
228.842,36.296,6.340,5.641
229.170,36.146,6.348,5.627
229.499,35.996,6.356,5.613
229.828,35.847,6.364,5.599
230.157,35.697,6.371,5.585
230.486,35.548,6.379,5.571
230.814,35.398,6.387,5.558
231.143,35.248,6.395,5.544
231.472,35.099,6.403,5.530
231.801,34.949,6.410,5.516
232.130,34.799,6.418,5.502
232.459,34.650,6.426,5.488
232.787,34.500,6.434,5.475
233.116,34.350,6.441,5.461
233.445,34.201,6.449,5.447
233.774,34.051,6.457,5.433
234.103,33.901,6.465,5.419
234.431,33.752,6.473,5.405
234.760,33.602,6.480,5.392
235.089,33.452,6.488,5.378
235.418,33.303,6.496,5.364
235.747,33.153,6.504,5.350
236.075,33.003,6.512,5.336
236.404,32.854,6.519,5.322
236.791,32.769,6.515,5.295
237.179,32.685,6.510,5.267
237.566,32.601,6.506,5.239
237.953,32.517,6.501,5.212
238.341,32.432,6.497,5.184
238.728,32.348,6.492,5.156
239.115,32.264,6.488,5.129
239.503,32.180,6.483,5.101
239.890,32.095,6.479,5.073
240.277,32.011,6.474,5.046
240.664,31.927,6.470,5.018
241.052,31.843,6.466,4.990
241.439,31.758,6.461,4.963
241.826,31.674,6.457,4.935
242.214,31.590,6.452,4.907
242.601,31.505,6.448,4.880
242.988,31.421,6.443,4.852
243.376,31.337,6.439,4.824
243.763,31.253,6.434,4.797
244.150,31.168,6.430,4.769
244.537,31.084,6.425,4.741
244.925,31.000,6.421,4.714
245.312,30.916,6.416,4.686
245.699,30.831,6.412,4.658
246.087,30.747,6.407,4.631
246.474,30.663,6.403,4.603
246.861,30.579,6.398,4.575
247.249,30.494,6.394,4.548
247.636,30.410,6.389,4.520
248.023,30.326,6.385,4.492
248.410,30.241,6.380,4.465
248.798,30.157,6.376,4.437
249.185,30.073,6.371,4.409
249.572,29.989,6.367,4.382
249.960,29.904,6.363,4.354
250.347,29.820,6.358,4.326
250.734,29.736,6.354,4.299
251.122,29.652,6.349,4.271
251.509,29.567,6.345,4.243
251.896,29.483,6.340,4.216
252.283,29.399,6.336,4.188
252.671,29.315,6.331,4.160
253.058,29.230,6.327,4.133
253.445,29.146,6.322,4.105
253.833,29.062,6.318,4.078
254.220,28.977,6.313,4.050
254.607,28.893,6.309,4.022
254.995,28.785,6.304,4.018
255.370,28.669,6.312,4.023
255.729,28.552,6.335,4.027
256.086,28.513,6.328,4.004
256.444,28.473,6.321,3.980
256.801,28.434,6.314,3.957
257.158,28.394,6.307,3.933
257.515,28.355,6.300,3.909
257.872,28.315,6.292,3.886
258.229,28.276,6.285,3.862
258.586,28.236,6.278,3.839
258.943,28.197,6.271,3.815
259.301,28.157,6.264,3.791
259.658,28.112,6.257,3.774
260.015,28.064,6.250,3.759
260.372,28.015,6.243,3.744
260.729,27.967,6.235,3.729
261.086,27.919,6.228,3.714
261.443,27.871,6.221,3.699
261.801,27.823,6.214,3.684
262.158,27.775,6.207,3.669
262.515,27.727,6.200,3.654
262.872,27.679,6.193,3.639
263.229,27.631,6.186,3.624
263.586,27.583,6.178,3.609
263.943,27.535,6.171,3.594
264.300,27.487,6.164,3.579
264.658,27.439,6.157,3.564
265.015,27.390,6.150,3.559
265.372,27.342,6.143,3.559
265.729,27.294,6.136,3.559
266.086,27.246,6.128,3.559
266.443,27.198,6.121,3.559
266.800,27.150,6.114,3.559
267.157,27.102,6.107,3.559
267.515,27.054,6.100,3.559
267.872,27.006,6.093,3.559
268.229,26.958,6.086,3.559
268.586,26.910,6.079,3.559
268.943,26.862,6.071,3.559
269.300,26.814,6.064,3.559
269.657,26.765,6.057,3.559
270.014,26.717,6.050,3.559
270.372,26.669,6.043,3.559
270.729,26.621,6.036,3.559
271.086,26.573,6.029,3.559
271.443,26.525,6.022,3.559
271.800,26.477,6.014,3.559
272.157,26.429,6.007,3.559
272.514,26.381,6.000,3.559
272.871,26.333,5.993,3.559
273.229,26.285,5.986,3.559
273.586,26.237,5.979,3.559
273.943,26.189,5.972,3.559
274.300,26.140,5.965,3.559
274.535,26.203,5.978,3.557
274.771,26.266,5.991,3.555
275.006,26.329,6.004,3.553
275.242,26.391,6.017,3.551
275.477,26.454,6.030,3.550
275.713,26.517,6.043,3.548
275.948,26.580,6.056,3.546
276.184,26.603,6.069,3.583
276.419,26.616,6.082,3.631
276.655,26.629,6.095,3.679
276.890,26.642,6.108,3.728
277.126,26.655,6.121,3.776
277.361,26.668,6.134,3.824
277.597,26.681,6.147,3.872
277.832,26.694,6.160,3.920
278.068,26.706,6.173,3.968
278.303,26.719,6.186,4.016
278.539,26.732,6.199,4.064
278.774,26.745,6.212,4.112
279.010,26.758,6.225,4.160
279.245,26.771,6.238,4.208
279.481,26.784,6.251,4.256
279.716,26.797,6.265,4.304
279.952,26.810,6.278,4.352
280.187,26.823,6.291,4.400
280.423,26.835,6.304,4.448
280.658,26.848,6.317,4.496
280.894,26.861,6.330,4.544
281.129,26.874,6.343,4.592
281.365,26.887,6.356,4.640
281.600,26.900,6.369,4.688
281.739,26.957,6.354,4.707
281.877,27.014,6.339,4.725
282.016,27.071,6.324,4.744
282.154,27.128,6.309,4.762
282.325,27.194,6.301,4.782
282.497,27.261,6.293,4.802
282.668,27.328,6.284,4.822
282.839,27.395,6.276,4.842
283.010,27.462,6.268,4.862
283.181,27.528,6.259,4.882
283.353,27.595,6.251,4.902
283.524,27.662,6.243,4.922
283.695,27.729,6.234,4.942
283.866,27.796,6.226,4.962
284.038,27.862,6.218,4.982
284.209,27.929,6.209,5.002
284.380,27.996,6.201,5.022
284.551,28.063,6.193,5.042
284.723,28.130,6.184,5.061
284.894,28.196,6.176,5.081
285.065,28.263,6.168,5.101
285.236,28.330,6.159,5.121
285.407,28.397,6.151,5.141
285.579,28.463,6.143,5.161
285.750,28.530,6.134,5.181
285.921,28.597,6.126,5.201
286.092,28.664,6.118,5.221
286.264,28.731,6.109,5.241
286.435,28.797,6.101,5.261
286.606,28.864,6.093,5.281
286.777,28.931,6.084,5.301
286.949,28.998,6.076,5.321
287.120,29.065,6.068,5.341
287.291,29.131,6.059,5.361
287.462,29.198,6.051,5.381
287.543,29.258,6.033,5.391
287.624,29.319,6.015,5.401
287.705,29.379,5.997,5.411
287.786,29.439,5.978,5.420
287.867,29.499,5.960,5.430
287.948,29.560,5.942,5.440
288.029,29.620,5.924,5.450
288.110,29.680,5.906,5.460
288.190,29.740,5.888,5.470
288.271,29.801,5.869,5.480
288.352,29.861,5.851,5.490
288.433,29.921,5.833,5.500
288.514,29.982,5.815,5.510
288.595,30.042,5.797,5.519
288.676,30.102,5.779,5.529
288.757,30.162,5.760,5.539
288.838,30.223,5.742,5.549
288.919,30.283,5.724,5.559
289.000,30.343,5.706,5.569
289.080,30.403,5.688,5.579
289.161,30.464,5.670,5.589
289.242,30.524,5.651,5.599
289.323,30.584,5.644,5.608
289.404,30.644,5.643,5.618
289.485,30.705,5.642,5.628
289.566,30.765,5.641,5.638
289.647,30.825,5.640,5.648
289.728,30.885,5.639,5.658
289.860,31.084,5.682,5.460
289.939,31.148,5.653,5.492
290.019,31.212,5.624,5.524
290.098,31.277,5.597,5.556
290.178,31.341,5.605,5.588
290.257,31.405,5.614,5.620
290.377,31.572,5.573,5.608
290.497,31.739,5.532,5.596
290.616,31.905,5.491,5.584
290.736,32.072,5.451,5.572
290.856,32.239,5.410,5.560
290.976,32.405,5.369,5.548
291.095,32.572,5.328,5.535
291.215,32.739,5.288,5.523
291.335,32.906,5.247,5.511
291.455,33.072,5.206,5.499
291.574,33.239,5.165,5.528
291.694,33.406,5.125,5.560
291.814,33.572,5.084,5.593
291.934,33.739,5.043,5.625
292.053,33.906,5.002,5.657
292.173,34.072,4.961,5.689
292.293,34.239,4.921,5.722
292.413,34.406,4.880,5.754
292.533,34.572,4.839,5.786
292.652,34.739,4.798,5.819
292.772,34.906,4.758,5.851
292.892,35.073,4.717,5.883
293.012,35.239,4.676,5.916
293.131,35.406,4.635,5.948
293.112,35.401,4.744,6.057
293.211,35.541,4.720,6.077
293.310,35.681,4.695,6.096
293.408,35.821,4.671,6.115
293.507,35.961,4.647,6.135
293.606,36.101,4.622,6.154
293.705,36.241,4.598,6.174
293.804,36.380,4.573,6.193
293.902,36.520,4.549,6.212
294.001,36.660,4.524,6.232
294.100,36.800,4.500,6.251
294.129,37.068,4.473,6.239
294.159,37.335,4.445,6.228
294.188,37.603,4.418,6.216
294.217,37.871,4.391,6.204
294.246,38.139,4.364,6.192
294.276,38.406,4.336,6.180
294.305,38.674,4.309,6.168
294.334,38.942,4.282,6.157
294.363,39.210,4.255,6.145
294.393,39.477,4.227,6.133
294.422,39.745,4.200,6.121
294.451,40.013,4.173,6.109
294.480,40.280,4.146,6.097
294.510,40.548,4.118,6.086
294.539,40.816,4.091,6.074
294.568,41.084,4.064,6.062
294.598,41.351,4.037,6.050
294.627,41.619,4.009,6.038
294.656,41.887,3.982,6.026
294.685,42.155,3.955,6.015
294.715,42.422,3.940,6.003
294.744,42.690,3.942,5.991
294.773,42.958,3.944,5.979
294.802,43.225,3.946,5.967
294.832,43.493,3.948,5.955
294.861,43.741,3.949,5.963
294.890,43.985,3.951,5.975
294.920,44.229,3.953,5.987
294.921,44.473,3.983,5.999
294.919,44.717,4.017,6.011
294.916,44.961,4.050,6.023
294.913,45.205,4.084,6.035
294.910,45.449,4.118,6.047
294.908,45.693,4.152,6.059
294.905,45.937,4.186,6.071
294.902,46.180,4.220,6.083
294.900,46.424,4.254,6.095
294.897,46.668,4.288,6.107
294.894,46.912,4.321,6.119
294.891,47.156,4.355,6.131
294.889,47.400,4.389,6.143
294.804,47.722,4.407,6.140
294.720,48.043,4.424,6.138
294.636,48.365,4.442,6.136
294.551,48.687,4.460,6.133
294.467,49.009,4.477,6.131
294.383,49.330,4.495,6.129
294.299,49.652,4.512,6.126
294.214,49.974,4.530,6.124
294.130,50.296,4.547,6.122
294.046,50.617,4.565,6.119
293.961,50.939,4.582,6.117
293.877,51.261,4.600,6.115
293.793,51.583,4.618,6.112
293.708,51.904,4.635,6.110
293.624,52.226,4.653,6.108
293.540,52.548,4.670,6.105
293.455,52.870,4.688,6.103
293.371,53.191,4.705,6.101
293.287,53.513,4.723,6.098
293.202,53.835,4.741,6.096
293.118,54.157,4.758,6.094
293.034,54.478,4.776,6.091
292.950,54.800,4.793,6.089
