163.900,225.200,4.700,4.400
164.241,224.890,4.701,4.404
164.581,224.580,4.701,4.407
164.922,224.270,4.702,4.411
165.263,223.960,4.703,4.414
165.604,223.650,4.703,4.418
165.944,223.340,4.704,4.421
166.285,223.030,4.705,4.425
166.626,222.720,4.706,4.428
166.966,222.410,4.706,4.432
167.307,222.100,4.707,4.436
167.648,221.790,4.708,4.439
167.989,221.480,4.708,4.443
168.329,221.170,4.709,4.446
168.670,220.860,4.710,4.450
169.011,220.550,4.710,4.453
169.351,220.240,4.711,4.457
169.692,219.930,4.712,4.460
170.033,219.620,4.712,4.464
170.373,219.307,4.713,4.471
170.714,218.992,4.714,4.480
171.055,218.676,4.715,4.489
171.396,218.361,4.715,4.498
171.736,218.046,4.716,4.507
172.077,217.730,4.717,4.516
172.418,217.415,4.717,4.525
172.758,217.099,4.718,4.533
173.099,216.784,4.719,4.542
173.440,216.469,4.719,4.551
173.781,216.153,4.720,4.560
174.121,215.838,4.721,4.569
174.462,215.522,4.722,4.578
174.803,215.207,4.722,4.587
175.143,214.892,4.723,4.596
175.484,214.576,4.724,4.605
175.825,214.261,4.724,4.614
176.141,213.907,4.724,4.614
176.457,213.553,4.724,4.614
176.773,213.199,4.724,4.614
177.090,212.845,4.724,4.614
177.406,212.490,4.724,4.614
177.722,212.136,4.724,4.614
178.038,211.782,4.724,4.614
178.355,211.428,4.724,4.614
178.671,211.074,4.724,4.614
178.987,210.720,4.724,4.614
179.303,210.366,4.724,4.614
179.619,210.012,4.724,4.614
179.936,209.658,4.724,4.614
180.252,209.304,4.724,4.614
180.568,208.950,4.724,4.614
180.884,208.596,4.724,4.614
181.200,208.242,4.724,4.614
181.517,207.888,4.724,4.614
181.833,207.534,4.724,4.614
182.149,207.180,4.724,4.614
182.465,206.826,4.724,4.614
182.782,206.472,4.724,4.614
183.098,206.118,4.724,4.614
183.414,205.763,4.724,4.614
183.730,205.409,4.724,4.614
184.046,205.055,4.724,4.614
184.363,204.701,4.724,4.614
184.679,204.347,4.724,4.614
184.995,203.993,4.724,4.614
185.311,203.639,4.724,4.614
185.627,203.285,4.724,4.614
185.944,202.931,4.724,4.614
186.260,202.577,4.724,4.614
186.576,202.223,4.724,4.614
186.892,201.869,4.724,4.614
187.209,201.515,4.724,4.614
187.525,201.161,4.724,4.614
187.834,200.810,4.724,4.608
188.144,200.460,4.723,4.601
188.454,200.110,4.723,4.595
188.763,199.759,4.722,4.588
189.073,199.409,4.722,4.582
189.383,199.059,4.721,4.576
189.692,198.708,4.721,4.569
190.002,198.358,4.721,4.563
190.312,198.007,4.720,4.556
190.621,197.657,4.720,4.550
190.931,197.307,4.719,4.543
191.240,196.956,4.719,4.537
191.550,196.606,4.718,4.530
191.860,196.256,4.718,4.524
192.169,195.905,4.717,4.518
192.479,195.555,4.717,4.511
192.789,195.205,4.716,4.505
193.098,194.854,4.716,4.498
193.408,194.504,4.715,4.492
193.718,194.153,4.715,4.485
194.027,193.803,4.714,4.479
194.337,193.453,4.714,4.472
194.647,193.102,4.714,4.466
194.956,192.748,4.713,4.464
195.266,192.394,4.713,4.461
195.575,192.039,4.712,4.458
195.885,191.685,4.712,4.456
196.195,191.331,4.711,4.453
196.504,190.976,4.711,4.451
196.814,190.622,4.710,4.448
197.124,190.268,4.710,4.446
197.433,189.914,4.709,4.443
197.743,189.559,4.709,4.441
198.053,189.205,4.708,4.438
198.362,188.851,4.708,4.436
198.672,188.496,4.707,4.433
198.981,188.142,4.707,4.431
199.291,187.788,4.706,4.428
199.601,187.434,4.706,4.426
199.910,187.079,4.706,4.423
200.220,186.725,4.705,4.420
200.534,186.429,4.704,4.417
200.847,186.133,4.703,4.413
201.160,185.837,4.701,4.410
201.474,185.541,4.700,4.406
201.787,185.246,4.699,4.403
202.101,184.950,4.698,4.399
202.414,184.654,4.696,4.398
202.728,184.358,4.695,4.399
203.041,184.062,4.694,4.400
203.355,183.766,4.693,4.401
203.668,183.470,4.691,4.403
203.982,183.174,4.690,4.404
204.295,182.878,4.689,4.405
204.609,182.582,4.688,4.407
204.922,182.287,4.686,4.408
205.236,181.991,4.685,4.409
205.549,181.695,4.684,4.410
205.863,181.399,4.683,4.412
206.176,181.103,4.681,4.413
206.490,180.807,4.680,4.414
206.803,180.511,4.679,4.416
207.117,180.215,4.678,4.417
207.430,179.919,4.676,4.418
207.744,179.624,4.675,4.419
208.057,179.328,4.674,4.421
208.371,179.032,4.673,4.422
208.684,178.736,4.671,4.423
208.998,178.440,4.670,4.425
209.311,178.144,4.669,4.426
209.625,177.848,4.668,4.427
209.938,177.552,4.666,4.428
210.252,177.256,4.665,4.430
210.565,176.960,4.664,4.431
210.879,176.665,4.663,4.432
211.192,176.369,4.661,4.434
211.506,176.073,4.660,4.435
211.819,175.777,4.659,4.436
212.133,175.481,4.658,4.437
212.446,175.185,4.656,4.439
212.759,174.889,4.655,4.440
213.073,174.593,4.654,4.441
213.386,174.297,4.653,4.443
213.700,174.001,4.651,4.444
214.013,173.706,4.650,4.445
214.327,173.410,4.649,4.446
214.682,173.193,4.649,4.446
215.037,172.977,4.649,4.446
215.392,172.761,4.649,4.446
215.747,172.544,4.649,4.446
216.102,172.328,4.649,4.446
216.458,172.112,4.649,4.446
216.813,171.895,4.649,4.446
217.168,171.679,4.649,4.446
217.523,171.463,4.649,4.446
217.878,171.246,4.649,4.446
218.233,171.030,4.649,4.446
218.588,170.814,4.649,4.446
218.943,170.597,4.649,4.446
219.298,170.381,4.649,4.446
219.653,170.165,4.649,4.446
220.009,169.948,4.649,4.446
220.364,169.732,4.649,4.446
220.719,169.516,4.649,4.446
221.074,169.299,4.649,4.446
221.429,169.083,4.649,4.446
221.784,168.867,4.649,4.446
222.139,168.650,4.649,4.446
222.494,168.434,4.649,4.446
222.849,168.218,4.649,4.446
223.204,168.002,4.649,4.446
223.560,167.785,4.649,4.446
223.915,167.569,4.649,4.446
224.270,167.353,4.649,4.446
224.625,167.136,4.649,4.446
224.980,166.920,4.649,4.446
225.335,166.704,4.649,4.446
225.690,166.487,4.649,4.446
226.045,166.271,4.649,4.446
226.400,166.055,4.649,4.446
226.755,165.838,4.649,4.446
227.111,165.622,4.649,4.446
227.466,165.406,4.649,4.446
227.821,165.189,4.649,4.446
228.176,164.973,4.649,4.446
228.531,164.757,4.649,4.446
228.886,164.540,4.649,4.446
229.241,164.324,4.649,4.446
229.596,164.108,4.649,4.446
229.951,163.891,4.649,4.446
230.307,163.675,4.649,4.446
230.662,163.459,4.649,4.446
231.017,163.242,4.649,4.446
231.372,163.026,4.649,4.446
231.727,162.810,4.649,4.446
232.215,162.635,4.618,4.429
232.703,162.460,4.587,4.412
233.191,162.284,4.574,4.395
233.679,162.109,4.585,4.377
234.167,161.934,4.595,4.360
234.654,161.759,4.605,4.343
235.142,161.584,4.615,4.325
235.630,161.409,4.626,4.308
236.118,161.234,4.636,4.291
236.599,161.059,4.653,4.274
237.063,160.884,4.688,4.256
237.527,160.709,4.722,4.239
237.990,160.534,4.757,4.222
238.454,160.358,4.792,4.204
238.918,160.183,4.826,4.187
239.381,160.008,4.861,4.170
239.845,159.833,4.895,4.153
240.309,159.658,4.930,4.135
240.773,159.483,4.964,4.118
241.236,159.308,4.999,4.101
241.700,159.133,5.033,4.083
242.164,158.958,5.068,4.066
242.627,158.783,5.102,4.049
243.091,158.608,5.137,4.031
243.555,158.432,5.171,4.014
244.019,158.257,5.206,3.997
244.482,158.082,5.240,3.980
244.946,157.907,5.275,3.962
245.410,157.732,5.309,3.945
245.874,157.557,5.344,3.928
246.337,157.382,5.378,3.910
246.801,157.207,5.413,3.893
247.297,157.110,5.434,3.868
247.794,157.013,5.455,3.843
248.290,156.916,5.476,3.818
248.787,156.820,5.496,3.794
249.283,156.723,5.517,3.769
249.780,156.626,5.538,3.744
250.276,156.529,5.559,3.719
250.773,156.432,5.580,3.694
251.269,156.335,5.601,3.669
251.766,156.238,5.622,3.644
252.262,156.142,5.642,3.619
252.759,156.045,5.663,3.594
253.260,155.954,5.672,3.578
253.762,155.862,5.680,3.561
254.264,155.771,5.688,3.545
254.766,155.680,5.697,3.528
255.268,155.589,5.705,3.512
255.769,155.498,5.713,3.495
256.271,155.407,5.721,3.478
256.773,155.316,5.730,3.462
257.275,155.224,5.738,3.445
257.777,155.133,5.746,3.429
258.278,155.042,5.755,3.412
258.780,154.951,5.763,3.396
259.282,154.860,5.771,3.379
259.860,154.840,5.773,3.359
260.437,154.821,5.775,3.340
261.015,154.801,5.778,3.320
261.592,154.782,5.780,3.301
262.170,154.762,5.782,3.281
262.747,154.743,5.784,3.261
263.325,154.724,5.786,3.254
263.902,154.704,5.788,3.252
264.480,154.685,5.790,3.249
265.058,154.665,5.793,3.247
265.635,154.646,5.795,3.245
266.213,154.626,5.797,3.242
266.790,154.607,5.799,3.240
267.368,154.587,5.801,3.237
267.945,154.552,5.803,3.251
268.523,154.509,5.805,3.272
269.100,154.466,5.808,3.293
269.678,154.423,5.810,3.315
270.255,154.380,5.812,3.336
270.833,154.337,5.814,3.357
271.398,154.358,5.810,3.369
271.963,154.378,5.807,3.381
272.528,154.399,5.803,3.394
273.094,154.420,5.800,3.406
273.659,154.441,5.796,3.418
274.224,154.462,5.792,3.430
274.789,154.483,5.789,3.442
275.354,154.504,5.785,3.455
275.919,154.524,5.782,3.467
276.484,154.545,5.778,3.479
277.050,154.566,5.775,3.491
277.615,154.587,5.771,3.504
278.180,154.608,5.767,3.516
278.745,154.629,5.764,3.528
279.310,154.649,5.760,3.540
279.875,154.670,5.757,3.552
280.440,154.691,5.753,3.565
281.006,154.712,5.749,3.577
281.571,154.733,5.746,3.589
282.136,154.754,5.742,3.601
282.701,154.774,5.739,3.613
283.266,154.795,5.735,3.626
283.831,154.816,5.732,3.638
284.397,154.837,5.728,3.650
284.962,154.858,5.724,3.662
285.527,154.879,5.721,3.674
286.092,154.899,5.717,3.687
286.657,154.920,5.714,3.699
287.243,155.096,5.712,3.701
287.829,155.271,5.711,3.703
288.414,155.446,5.710,3.705
289.000,155.621,5.709,3.706
289.586,155.797,5.707,3.708
290.171,155.972,5.706,3.710
290.757,156.147,5.705,3.712
291.343,156.322,5.704,3.714
291.928,156.498,5.703,3.716
292.514,156.673,5.701,3.718
293.100,156.848,5.700,3.720
293.686,157.023,5.699,3.721
294.271,157.199,5.698,3.723
294.857,157.374,5.696,3.725
295.443,157.549,5.695,3.727
296.028,157.724,5.694,3.729
296.614,157.900,5.693,3.731
297.200,158.075,5.692,3.733
297.786,158.250,5.690,3.735
298.371,158.425,5.689,3.736
298.957,158.601,5.688,3.738
299.543,158.776,5.687,3.740
300.128,158.951,5.685,3.742
300.714,159.126,5.684,3.744
301.300,159.302,5.683,3.746
301.886,159.477,5.682,3.748
302.471,159.652,5.681,3.750
303.057,159.827,5.679,3.751
303.643,160.003,5.678,3.753
304.228,160.178,5.677,3.755
304.814,160.353,5.676,3.757
305.400,160.528,5.674,3.759
305.986,160.704,5.673,3.761
306.571,160.879,5.672,3.763
307.145,161.099,5.672,3.763
307.718,161.319,5.672,3.763
308.291,161.539,5.672,3.763
308.865,161.759,5.672,3.763
309.438,161.979,5.672,3.763
310.011,162.199,5.672,3.763
310.585,162.419,5.672,3.763
311.158,162.639,5.672,3.763
311.731,162.859,5.672,3.763
312.305,163.079,5.672,3.763
312.878,163.299,5.672,3.763
313.451,163.519,5.672,3.763
314.025,163.739,5.672,3.763
314.598,163.959,5.672,3.763
315.171,164.179,5.672,3.763
315.745,164.399,5.672,3.763
316.318,164.619,5.672,3.763
316.891,164.839,5.672,3.763
317.465,165.059,5.672,3.763
318.038,165.279,5.672,3.763
318.611,165.499,5.672,3.763
319.185,165.719,5.672,3.763
319.758,165.939,5.672,3.763
320.331,166.159,5.672,3.763
320.905,166.379,5.672,3.763
321.478,166.599,5.672,3.763
322.051,166.819,5.672,3.763
322.625,167.039,5.672,3.763
323.198,167.259,5.672,3.763
323.771,167.479,5.672,3.763
324.390,167.706,5.668,3.767
325.008,167.933,5.663,3.772
325.626,168.160,5.659,3.777
326.244,168.386,5.654,3.781
326.863,168.613,5.650,3.786
327.481,168.840,5.645,3.791
328.099,169.067,5.641,3.795
328.718,169.294,5.636,3.800
329.336,169.521,5.632,3.805
329.954,169.748,5.627,3.809
330.572,169.975,5.623,3.814
331.191,170.202,5.618,3.819
331.809,170.429,5.614,3.823
332.427,170.656,5.610,3.828
333.046,170.883,5.605,3.832
333.664,171.109,5.601,3.837
334.282,171.336,5.596,3.842
334.901,171.563,5.592,3.846
335.519,171.790,5.587,3.851
336.137,172.017,5.583,3.856
336.755,172.244,5.578,3.860
337.374,172.471,5.574,3.865
337.992,172.698,5.569,3.870
338.610,172.925,5.565,3.874
339.229,173.152,5.560,3.879
339.847,173.379,5.556,3.884
340.465,173.606,5.551,3.888
341.083,173.832,5.547,3.893
341.702,174.059,5.543,3.898
342.320,174.286,5.538,3.902
342.973,174.515,5.534,3.905
343.625,174.743,5.529,3.908
344.278,174.972,5.525,3.911
344.930,175.201,5.521,3.914
345.583,175.429,5.516,3.917
346.235,175.658,5.512,3.921
346.888,175.886,5.508,3.924
347.540,176.115,5.504,3.927
348.193,176.343,5.499,3.930
348.845,176.572,5.495,3.933
349.498,176.800,5.491,3.936
350.150,177.029,5.486,3.939
350.803,177.258,5.482,3.942
351.455,177.486,5.478,3.945
352.108,177.715,5.473,3.948
352.760,177.943,5.469,3.951
353.413,178.172,5.465,3.954
354.065,178.400,5.460,3.957
354.718,178.629,5.456,3.960
355.370,178.857,5.452,3.963
356.023,179.086,5.447,3.966
356.675,179.314,5.443,3.969
357.328,179.543,5.439,3.972
357.980,179.772,5.435,3.976
358.633,180.000,5.430,3.979
359.285,180.229,5.426,3.982
359.938,180.457,5.422,3.985
360.590,180.686,5.417,3.988
361.243,180.914,5.413,3.991
361.895,181.143,5.409,3.994
362.548,181.371,5.404,3.997
363.200,181.600,5.400,4.000
363.868,181.821,5.407,4.011
364.536,182.043,5.414,4.021
365.204,182.264,5.421,4.032
365.871,182.486,5.429,4.043
366.539,182.707,5.436,4.054
367.207,182.929,5.443,4.064
367.875,183.150,5.450,4.075
368.543,183.371,5.457,4.086
369.211,183.593,5.464,4.096
369.879,183.814,5.471,4.107
370.546,184.036,5.479,4.118
371.214,184.257,5.486,4.129
371.882,184.479,5.493,4.139
372.550,184.700,5.500,4.150
373.218,184.921,5.507,4.161
373.886,185.143,5.514,4.171
374.554,185.364,5.521,4.182
375.221,185.586,5.529,4.193
375.889,185.807,5.536,4.204
376.557,186.029,5.543,4.214
377.225,186.250,5.550,4.225
377.893,186.471,5.557,4.236
378.561,186.693,5.564,4.246
379.229,186.914,5.571,4.257
379.896,187.136,5.579,4.268
380.564,187.357,5.586,4.279
381.232,187.579,5.593,4.289
381.900,187.800,5.600,4.300
382.625,188.027,5.600,4.293
383.351,188.254,5.600,4.285
384.076,188.481,5.600,4.278
384.801,188.707,5.600,4.270
385.527,188.934,5.600,4.263
386.252,189.161,5.600,4.255
386.978,189.388,5.600,4.248
387.703,189.615,5.600,4.240
388.428,189.842,5.600,4.233
389.154,190.069,5.600,4.225
389.879,190.296,5.600,4.218
390.604,190.522,5.600,4.210
391.330,190.749,5.600,4.203
392.055,190.976,5.600,4.196
392.781,191.203,5.600,4.188
393.506,191.430,5.600,4.181
394.231,191.657,5.600,4.173
394.957,191.884,5.600,4.166
395.682,192.110,5.600,4.158
396.407,192.337,5.600,4.151
397.133,192.564,5.600,4.143
397.858,192.791,5.600,4.136
398.584,193.018,5.600,4.128
399.309,193.245,5.600,4.121
400.034,193.472,5.600,4.113
400.760,193.699,5.600,4.106
401.485,193.925,5.600,4.099
402.210,194.152,5.600,4.091
402.936,194.379,5.600,4.084
403.661,194.606,5.600,4.076
404.387,194.833,5.600,4.069
405.112,195.060,5.600,4.061
405.837,195.287,5.600,4.054
406.563,195.513,5.600,4.046
407.288,195.740,5.600,4.039
408.013,195.967,5.600,4.031
408.739,196.194,5.600,4.024
409.464,196.421,5.600,4.016
410.190,196.648,5.600,4.009
410.915,196.875,5.600,4.001
411.640,197.101,5.600,3.994
412.366,197.328,5.600,3.987
413.091,197.555,5.600,3.979
413.816,197.782,5.600,3.972
414.542,198.009,5.600,3.964
415.267,198.236,5.600,3.957
415.993,198.463,5.600,3.949
416.718,198.690,5.600,3.942
417.443,198.916,5.600,3.934
418.169,199.143,5.600,3.927
418.894,199.370,5.600,3.919
419.619,199.597,5.600,3.912
420.345,199.824,5.600,3.904
421.070,200.051,5.600,3.897
421.796,200.278,5.600,3.890
422.521,200.504,5.600,3.882
423.246,200.731,5.600,3.875
423.972,200.958,5.600,3.867
424.697,201.185,5.600,3.860
425.422,201.412,5.600,3.852
426.148,201.639,5.600,3.845
426.873,201.866,5.600,3.837
427.599,202.093,5.600,3.830
428.324,202.319,5.600,3.822
429.049,202.546,5.600,3.815
429.812,202.745,5.600,3.824
430.576,202.944,5.600,3.833
431.339,203.143,5.600,3.842
432.102,203.341,5.600,3.851
432.865,203.540,5.600,3.860
433.628,203.739,5.600,3.870
434.391,203.938,5.600,3.879
435.155,204.137,5.600,3.888
435.918,204.335,5.600,3.897
436.681,204.534,5.600,3.906
437.444,204.733,5.600,3.915
438.207,204.932,5.600,3.924
438.970,205.130,5.600,3.933
439.733,205.329,5.600,3.942
440.497,205.528,5.600,3.952
441.260,205.727,5.600,3.961
442.023,205.926,5.600,3.970
442.786,206.124,5.600,3.979
443.549,206.323,5.600,3.988
444.312,206.522,5.600,3.997
445.076,206.721,5.600,4.006
445.839,206.919,5.600,4.015
446.602,207.118,5.600,4.025
447.365,207.317,5.600,4.034
448.128,207.516,5.600,4.043
448.891,207.715,5.600,4.052
449.655,207.913,5.600,4.061
450.418,208.112,5.600,4.070
451.181,208.311,5.600,4.079
451.944,208.510,5.600,4.088
452.707,208.709,5.600,4.097
453.470,208.907,5.600,4.107
454.233,209.106,5.600,4.116
454.997,209.305,5.600,4.125
455.760,209.504,5.600,4.134
456.523,209.702,5.600,4.143
457.286,209.901,5.600,4.152
458.049,210.100,5.600,4.161
458.807,210.335,5.600,4.161
459.564,210.570,5.600,4.161
460.322,210.805,5.600,4.161
461.079,211.040,5.600,4.161
461.837,211.275,5.600,4.161
462.594,211.510,5.600,4.161
463.352,211.745,5.600,4.161
464.109,211.980,5.600,4.161
464.867,212.215,5.600,4.161
465.624,212.450,5.600,4.161
466.382,212.685,5.600,4.161
467.139,212.920,5.600,4.161
467.897,213.155,5.600,4.161
468.654,213.390,5.600,4.161
469.412,213.625,5.600,4.161
470.169,213.860,5.600,4.161
470.927,214.095,5.600,4.161
471.684,214.330,5.600,4.161
472.442,214.565,5.600,4.161
473.199,214.800,5.600,4.161
473.957,215.035,5.600,4.161
474.714,215.270,5.600,4.161
475.472,215.505,5.600,4.161
476.229,215.740,5.600,4.161
476.987,215.975,5.600,4.161
477.744,216.210,5.600,4.161
478.502,216.445,5.600,4.161
479.259,216.680,5.600,4.161
480.017,216.915,5.600,4.161
480.774,217.150,5.600,4.161
481.532,217.385,5.600,4.161
482.289,217.620,5.600,4.161
483.047,217.855,5.600,4.161
483.804,218.090,5.600,4.161
484.562,218.325,5.600,4.161
485.319,218.560,5.600,4.161
486.077,218.795,5.600,4.161
486.834,219.030,5.600,4.161
487.592,219.265,5.600,4.161
488.349,219.500,5.600,4.161
489.099,219.748,5.600,4.161
489.849,219.997,5.600,4.161
490.599,220.245,5.600,4.161
491.349,220.493,5.600,4.161
492.099,220.741,5.600,4.161
492.849,220.990,5.600,4.161
493.599,221.238,5.600,4.161
494.349,221.486,5.600,4.161
495.099,221.734,5.600,4.161
495.849,221.983,5.600,4.161
496.599,222.231,5.600,4.161
497.349,222.479,5.600,4.161
498.099,222.728,5.600,4.161
498.849,222.976,5.600,4.161
499.599,223.224,5.600,4.161
500.349,223.472,5.600,4.161
501.099,223.721,5.600,4.161
501.849,223.969,5.600,4.161
502.599,224.217,5.600,4.161
503.349,224.466,5.600,4.161
504.099,224.714,5.600,4.161
504.849,224.962,5.600,4.161
505.599,225.210,5.600,4.161
506.349,225.459,5.600,4.161
507.099,225.707,5.600,4.161
507.849,225.955,5.600,4.161
508.599,226.203,5.600,4.161
509.349,226.452,5.600,4.161
510.099,226.700,5.600,4.161
510.849,226.948,5.600,4.161
511.599,227.197,5.600,4.161
512.349,227.445,5.600,4.161
513.099,227.693,5.600,4.161
513.849,227.941,5.600,4.161
514.599,228.190,5.600,4.161
515.349,228.438,5.600,4.161
516.099,228.686,5.600,4.161
516.849,228.934,5.600,4.161
517.599,229.183,5.600,4.161
518.349,229.431,5.600,4.161
519.099,229.679,5.600,4.161
519.849,229.928,5.600,4.161
520.599,230.176,5.600,4.161
521.349,230.424,5.600,4.161
522.099,230.672,5.600,4.161
522.849,230.921,5.600,4.161
523.599,231.169,5.600,4.161
524.349,231.417,5.600,4.161
525.099,231.666,5.600,4.161
525.849,231.914,5.600,4.161
526.599,232.162,5.600,4.161
527.349,232.410,5.600,4.161
528.099,232.659,5.600,4.161
528.849,232.907,5.600,4.161
529.599,233.155,5.600,4.161
530.349,233.403,5.600,4.161
531.099,233.652,5.600,4.161
531.849,233.900,5.600,4.161
532.566,234.136,5.600,4.165
533.283,234.372,5.600,4.170
534.000,234.609,5.600,4.174
534.717,234.845,5.600,4.178
535.434,235.081,5.600,4.182
536.151,235.317,5.600,4.187
536.868,235.553,5.600,4.191
537.585,235.789,5.600,4.195
538.349,236.039,5.600,4.195
539.113,236.289,5.600,4.195
539.876,236.539,5.600,4.195
540.640,236.789,5.600,4.195
541.404,237.039,5.600,4.195
542.167,237.289,5.600,4.195
542.931,237.539,5.600,4.195
543.695,237.789,5.600,4.195
544.458,238.039,5.600,4.195
545.222,238.289,5.600,4.195
545.985,238.539,5.600,4.195
546.749,238.789,5.600,4.195
547.513,239.039,5.600,4.195
548.276,239.289,5.600,4.195
549.040,239.539,5.600,4.195
549.753,239.774,5.600,4.195
550.466,240.009,5.600,4.195
551.179,240.244,5.600,4.195
551.892,240.478,5.600,4.195
552.605,240.713,5.600,4.195
553.318,240.948,5.600,4.195
554.031,241.183,5.600,4.195
554.744,241.418,5.600,4.195
555.457,241.652,5.600,4.195
556.170,241.887,5.600,4.195
556.883,242.122,5.600,4.195
557.596,242.357,5.600,4.195
558.310,242.592,5.600,4.195
559.023,242.826,5.600,4.195
559.736,243.061,5.600,4.195
560.449,243.296,5.600,4.195
561.162,243.531,5.600,4.195
561.875,243.765,5.600,4.195
562.588,244.000,5.600,4.195
563.301,244.235,5.600,4.195
564.014,244.470,5.600,4.195
564.727,244.705,5.600,4.195
