272.769,151.846,4.462,5.077
272.479,152.735,4.470,5.103
272.188,153.624,4.479,5.128
271.897,154.513,4.487,5.154
271.607,155.402,4.496,5.179
271.316,156.291,4.504,5.205
271.026,157.179,4.513,5.231
270.735,158.068,4.521,5.256
270.444,158.957,4.530,5.282
270.154,159.846,4.538,5.308
269.858,160.775,4.538,5.308
269.562,161.704,4.538,5.308
269.266,162.633,4.538,5.308
268.970,163.562,4.538,5.308
268.675,164.491,4.538,5.308
268.379,165.420,4.538,5.308
268.083,166.349,4.538,5.308
267.787,167.278,4.538,5.308
267.491,168.207,4.538,5.308
267.195,169.136,4.538,5.308
266.899,170.065,4.538,5.308
266.604,170.994,4.538,5.308
266.308,171.923,4.538,5.308
266.002,172.857,4.549,5.308
265.697,173.792,4.559,5.309
265.391,174.726,4.569,5.310
265.086,175.661,4.580,5.311
264.781,176.595,4.590,5.311
264.475,177.529,4.600,5.312
264.170,178.464,4.610,5.313
263.864,179.398,4.621,5.314
263.559,180.333,4.631,5.314
263.254,181.267,4.641,5.315
262.948,182.201,4.652,5.316
262.643,183.136,4.662,5.317
262.337,184.070,4.672,5.318
262.032,185.004,4.683,5.318
261.727,185.939,4.693,5.319
261.421,186.873,4.703,5.320
261.116,187.808,4.713,5.321
260.801,188.760,4.713,5.321
260.486,189.712,4.713,5.321
260.171,190.665,4.713,5.321
259.856,191.617,4.713,5.321
259.541,192.569,4.713,5.321
259.226,193.522,4.713,5.321
258.911,194.474,4.713,5.321
258.596,195.427,4.713,5.321
258.281,196.379,4.713,5.321
257.966,197.331,4.713,5.321
257.651,198.284,4.713,5.321
257.336,199.236,4.713,5.321
257.021,200.189,4.713,5.321
256.706,201.141,4.713,5.321
256.391,202.093,4.713,5.321
256.076,203.046,4.713,5.321
255.761,203.998,4.713,5.321
255.446,204.950,4.713,5.321
255.131,205.903,4.713,5.321
254.816,206.855,4.713,5.321
254.501,207.808,4.713,5.321
254.224,208.752,4.713,5.321
253.948,209.696,4.713,5.321
253.672,210.640,4.713,5.321
253.396,211.584,4.713,5.321
253.119,212.528,4.713,5.321
252.843,213.472,4.713,5.321
252.567,214.416,4.713,5.321
252.291,215.360,4.713,5.321
252.014,216.304,4.713,5.321
251.738,217.248,4.713,5.321
251.462,218.192,4.713,5.321
251.186,219.136,4.713,5.321
250.910,220.080,4.713,5.321
250.633,221.024,4.713,5.321
250.357,221.968,4.713,5.321
250.081,222.912,4.713,5.321
249.805,223.857,4.713,5.321
249.528,224.801,4.713,5.321
249.252,225.745,4.713,5.321
248.976,226.689,4.713,5.321
248.700,227.633,4.713,5.321
248.424,228.577,4.713,5.321
248.146,229.513,4.713,5.321
247.868,230.450,4.713,5.321
247.591,231.386,4.713,5.321
247.313,232.323,4.713,5.321
247.036,233.259,4.713,5.321
246.758,234.196,4.713,5.321
246.480,235.132,4.713,5.321
246.203,236.068,4.713,5.321
245.925,237.005,4.713,5.321
245.648,237.941,4.713,5.321
245.370,238.878,4.713,5.321
245.092,239.814,4.713,5.321
244.815,240.751,4.713,5.321
244.537,241.687,4.713,5.321
244.260,242.624,4.713,5.321
243.982,243.560,4.713,5.321
243.705,244.497,4.713,5.321
243.427,245.433,4.713,5.321
243.149,246.369,4.713,5.321
242.872,247.306,4.713,5.321
242.594,248.242,4.713,5.321
242.317,249.179,4.713,5.321
242.039,250.115,4.713,5.321
241.784,251.063,4.713,5.321
241.529,252.010,4.713,5.321
241.274,252.957,4.713,5.321
241.019,253.905,4.713,5.321
240.764,254.852,4.713,5.321
240.509,255.799,4.713,5.321
240.254,256.747,4.713,5.321
239.998,257.694,4.713,5.321
239.743,258.642,4.713,5.321
239.488,259.589,4.713,5.321
239.233,260.536,4.713,5.321
238.978,261.484,4.713,5.321
238.723,262.431,4.713,5.321
238.468,263.378,4.713,5.321
238.213,264.326,4.713,5.321
237.958,265.273,4.713,5.321
237.703,266.221,4.713,5.321
237.448,267.168,4.713,5.321
237.193,268.115,4.713,5.321
236.998,269.007,4.696,5.331
236.804,269.898,4.679,5.342
236.609,270.789,4.662,5.352
236.415,271.681,4.645,5.363
236.220,272.572,4.628,5.373
236.025,273.464,4.611,5.384
235.831,274.355,4.594,5.394
235.636,275.247,4.577,5.405
235.442,276.138,4.559,5.416
235.247,277.029,4.542,5.426
235.053,277.921,4.525,5.437
234.858,278.812,4.508,5.447
234.663,279.704,4.491,5.458
234.469,280.595,4.474,5.468
234.274,281.486,4.457,5.479
234.080,282.378,4.440,5.490
233.885,283.269,4.423,5.500
233.650,284.264,4.423,5.500
233.414,285.260,4.423,5.500
233.178,286.255,4.423,5.500
232.943,287.250,4.423,5.500
232.707,288.245,4.423,5.500
232.472,289.240,4.423,5.500
232.236,290.235,4.423,5.500
232.001,291.231,4.423,5.500
231.765,292.226,4.423,5.500
231.529,293.221,4.423,5.500
231.294,294.216,4.423,5.500
231.058,295.211,4.423,5.500
230.823,296.207,4.423,5.500
230.587,297.202,4.423,5.500
230.351,298.197,4.423,5.500
230.116,299.192,4.423,5.500
229.916,300.123,4.417,5.500
229.717,301.053,4.412,5.500
229.517,301.983,4.406,5.500
229.317,302.914,4.401,5.500
229.118,303.844,4.395,5.500
228.918,304.775,4.390,5.500
228.718,305.705,4.384,5.500
228.519,306.635,4.379,5.500
228.319,307.566,4.373,5.500
228.119,308.496,4.368,5.500
227.920,309.427,4.362,5.500
227.720,310.357,4.357,5.500
227.520,311.287,4.351,5.500
227.321,312.218,4.346,5.500
227.121,313.148,4.341,5.500
226.921,314.079,4.335,5.500
226.722,315.009,4.330,5.500
226.522,315.939,4.324,5.500
226.322,316.870,4.319,5.500
226.123,317.800,4.313,5.500
225.923,318.731,4.308,5.500
225.709,319.645,4.308,5.500
225.496,320.560,4.308,5.500
225.282,321.474,4.308,5.500
225.068,322.389,4.308,5.500
224.855,323.303,4.308,5.500
224.641,324.218,4.308,5.500
224.427,325.132,4.308,5.500
224.214,326.047,4.308,5.500
224.000,326.961,4.308,5.500
223.786,327.876,4.308,5.500
223.573,328.790,4.308,5.500
223.359,329.705,4.308,5.500
223.145,330.620,4.308,5.500
222.932,331.534,4.308,5.500
222.718,332.449,4.308,5.500
222.504,333.363,4.308,5.500
222.291,334.278,4.308,5.500
222.077,335.192,4.308,5.500
221.855,336.188,4.308,5.500
221.632,337.184,4.308,5.500
221.410,338.179,4.308,5.500
221.188,339.175,4.308,5.500
220.966,340.171,4.308,5.500
220.744,341.167,4.308,5.500
220.521,342.162,4.308,5.500
220.299,343.158,4.308,5.500
220.077,344.154,4.308,5.500
219.855,345.149,4.308,5.500
219.632,346.145,4.308,5.500
219.410,347.141,4.308,5.500
219.188,348.137,4.308,5.500
218.966,349.132,4.308,5.500
218.744,350.128,4.308,5.500
218.521,351.124,4.308,5.500
218.347,352.011,4.276,5.498
218.173,352.897,4.244,5.496
217.998,353.784,4.212,5.495
217.824,354.671,4.180,5.493
217.650,355.557,4.148,5.491
217.475,356.444,4.115,5.489
217.301,357.331,4.083,5.487
217.127,358.217,4.051,5.485
216.933,359.104,4.038,5.483
216.720,359.991,4.045,5.482
216.507,360.877,4.052,5.480
216.294,361.764,4.058,5.478
216.081,362.651,4.065,5.476
215.878,363.563,4.065,5.476
215.676,364.476,4.065,5.476
215.473,365.389,4.065,5.476
215.270,366.301,4.065,5.476
215.067,367.214,4.065,5.476
214.864,368.126,4.065,5.476
214.662,369.039,4.065,5.476
214.459,369.951,4.065,5.476
214.256,370.864,4.065,5.476
214.053,371.777,4.065,5.476
213.850,372.689,4.065,5.476
213.648,373.602,4.065,5.476
213.445,374.514,4.065,5.476
213.242,375.427,4.065,5.476
213.039,376.340,4.065,5.476
212.836,377.252,4.065,5.476
212.634,378.165,4.065,5.476
212.431,379.077,4.065,5.476
212.228,379.990,4.065,5.476
212.025,380.903,4.065,5.476
211.822,381.815,4.065,5.476
211.620,382.728,4.065,5.476
211.462,383.678,4.065,5.476
211.304,384.628,4.065,5.476
211.147,385.578,4.065,5.476
210.989,386.528,4.065,5.476
210.831,387.478,4.065,5.476
210.674,388.428,4.065,5.476
210.516,389.378,4.065,5.476
210.358,390.328,4.065,5.476
210.200,391.278,4.065,5.476
210.043,392.228,4.065,5.476
209.885,393.178,4.065,5.476
209.727,394.128,4.065,5.476
209.570,395.078,4.065,5.476
209.412,396.028,4.065,5.476
209.254,396.978,4.065,5.476
209.097,397.928,4.065,5.476
208.939,398.878,4.065,5.476
208.781,399.828,4.065,5.476
208.624,400.778,4.065,5.476
208.466,401.728,4.065,5.476
208.312,402.696,4.065,5.476
208.158,403.665,4.065,5.476
208.004,404.633,4.065,5.476
207.850,405.602,4.065,5.476
207.697,406.570,4.065,5.476
207.543,407.539,4.065,5.476
207.389,408.507,4.065,5.476
207.235,409.476,4.065,5.476
207.081,410.444,4.065,5.476
206.927,411.413,4.065,5.476
206.774,412.382,4.065,5.476
206.620,413.350,4.065,5.476
206.466,414.319,4.065,5.476
206.312,415.287,4.065,5.476
206.158,416.256,4.065,5.476
206.004,417.224,4.065,5.476
205.850,418.193,4.065,5.476
205.697,419.161,4.065,5.476
205.543,420.130,4.065,5.476
205.389,421.098,4.065,5.476
205.235,422.067,4.065,5.476
205.081,423.035,4.065,5.476
204.927,423.995,4.065,5.476
204.774,424.955,4.065,5.476
204.620,425.915,4.065,5.476
204.466,426.875,4.065,5.476
204.312,427.835,4.065,5.476
204.158,428.795,4.065,5.476
204.004,429.755,4.065,5.476
203.850,430.715,4.065,5.476
203.697,431.675,4.065,5.476
203.543,432.635,4.065,5.476
203.389,433.595,4.065,5.476
203.235,434.555,4.065,5.476
203.081,435.515,4.065,5.476
202.927,436.475,4.065,5.476
202.774,437.435,4.065,5.476
202.620,438.395,4.065,5.476
202.466,439.355,4.065,5.476
202.312,440.315,4.065,5.476
202.158,441.275,4.065,5.476
202.004,442.235,4.065,5.476
201.850,443.195,4.065,5.476
201.697,444.155,4.065,5.476
201.543,445.115,4.065,5.476
201.389,446.075,4.065,5.476
201.235,447.035,4.065,5.476
201.109,448.014,4.065,5.476
200.983,448.992,4.065,5.476
200.857,449.971,4.065,5.476
200.730,450.949,4.065,5.476
200.604,451.928,4.065,5.476
200.478,452.906,4.065,5.476
200.352,453.885,4.065,5.476
200.226,454.863,4.065,5.476
200.100,455.842,4.065,5.476
199.974,456.820,4.065,5.476
199.847,457.798,4.065,5.476
199.721,458.777,4.065,5.476
199.595,459.755,4.065,5.476
199.469,460.734,4.065,5.476
199.343,461.712,4.065,5.476
199.217,462.691,4.065,5.476
199.090,463.669,4.065,5.476
198.964,464.648,4.065,5.476
198.838,465.626,4.065,5.476
198.712,466.605,4.065,5.476
198.586,467.583,4.065,5.476
198.460,468.562,4.065,5.476
198.334,469.540,4.065,5.476
198.207,470.518,4.065,5.476
198.081,471.497,4.065,5.476
197.983,472.490,4.065,5.476
197.885,473.483,4.065,5.476
197.788,474.476,4.065,5.476
197.690,475.469,4.065,5.476
197.592,476.462,4.065,5.476
197.494,477.455,4.065,5.476
197.396,478.448,4.065,5.476
197.298,479.441,4.065,5.476
197.200,480.434,4.065,5.476
197.102,481.427,4.065,5.476
197.004,482.420,4.065,5.476
196.906,483.413,4.065,5.476
196.808,484.406,4.065,5.476
196.711,485.399,4.065,5.476
196.613,486.392,4.065,5.476
196.515,487.385,4.065,5.476
196.417,488.378,4.065,5.476
196.319,489.371,4.065,5.476
196.221,490.364,4.065,5.476
196.123,491.357,4.065,5.476
196.025,492.350,4.065,5.476
195.927,493.343,4.065,5.476
195.810,494.336,4.065,5.476
195.693,495.330,4.065,5.476
195.576,496.323,4.065,5.476
195.459,497.316,4.065,5.476
195.342,498.310,4.065,5.476
195.225,499.303,4.065,5.476
195.108,500.296,4.065,5.476
194.991,501.290,4.065,5.476
194.874,502.283,4.065,5.476
194.757,503.276,4.065,5.476
194.640,504.270,4.065,5.476
194.523,505.263,4.065,5.476
194.406,506.256,4.065,5.476
194.289,507.249,4.065,5.476
194.172,508.243,4.065,5.476
194.054,509.236,4.065,5.476
193.937,510.229,4.065,5.476
193.820,511.223,4.065,5.476
193.703,512.216,4.065,5.476
193.586,513.209,4.065,5.476
193.469,514.203,4.065,5.476
193.352,515.196,4.065,5.476
193.235,516.189,4.065,5.476
193.121,517.173,4.065,5.476
193.008,518.156,4.065,5.476
192.894,519.139,4.065,5.476
192.780,520.122,4.065,5.476
192.667,521.106,4.065,5.476
192.553,522.089,4.065,5.476
192.439,523.072,4.065,5.476
192.325,524.055,4.065,5.476
192.212,525.039,4.065,5.476
192.098,526.022,4.065,5.476
191.984,527.005,4.065,5.476
191.871,527.989,4.065,5.476
191.757,528.972,4.065,5.476
191.643,529.955,4.065,5.476
191.529,530.938,4.065,5.476
191.416,531.922,4.065,5.476
191.302,532.905,4.065,5.476
191.188,533.888,4.065,5.476
191.075,534.872,4.065,5.476
190.961,535.855,4.065,5.476
190.847,536.838,4.065,5.476
190.733,537.821,4.065,5.476
190.620,538.805,4.065,5.476
190.493,539.785,4.046,5.474
190.366,540.765,4.027,5.473
190.240,541.746,4.009,5.471
190.113,542.726,3.990,5.469
189.986,543.706,3.971,5.467
189.860,544.687,3.953,5.466
189.733,545.667,3.934,5.464
189.607,546.647,3.915,5.462
189.480,547.628,3.896,5.461
189.353,548.608,3.878,5.459
189.227,549.588,3.859,5.457
189.100,550.568,3.840,5.455
188.973,551.549,3.822,5.454
188.847,552.529,3.803,5.452
188.720,553.509,3.784,5.450
188.593,554.490,3.765,5.449
188.467,555.470,3.747,5.447
188.340,556.450,3.728,5.445
188.214,557.431,3.709,5.444
188.087,558.411,3.691,5.442
187.960,559.391,3.672,5.440
187.834,560.372,3.653,5.438
187.705,561.380,3.653,5.438
187.577,562.389,3.653,5.438
187.449,563.397,3.653,5.438
187.321,564.406,3.653,5.438
187.193,565.414,3.653,5.438
187.064,566.423,3.653,5.438
186.936,567.432,3.653,5.438
186.808,568.440,3.653,5.438
186.680,569.449,3.653,5.438
186.552,570.457,3.653,5.438
186.423,571.466,3.653,5.438
186.295,572.474,3.653,5.438
186.167,573.483,3.653,5.438
186.039,574.491,3.653,5.438
185.911,575.500,3.653,5.438
185.782,576.508,3.653,5.438
185.654,577.517,3.653,5.438
185.526,578.526,3.653,5.438
185.364,579.513,3.653,5.438
185.202,580.501,3.653,5.438
185.040,581.489,3.653,5.438
184.878,582.477,3.653,5.438
184.716,583.465,3.653,5.438
184.554,584.453,3.653,5.438
184.392,585.441,3.653,5.438
184.230,586.428,3.653,5.438
184.068,587.416,3.653,5.438
183.907,588.404,3.653,5.438
183.745,589.392,3.653,5.438
183.583,590.380,3.653,5.438
183.421,591.368,3.653,5.438
183.259,592.355,3.653,5.438
183.097,593.343,3.653,5.438
182.935,594.331,3.653,5.438
182.773,595.319,3.653,5.438
182.611,596.307,3.653,5.438
182.449,597.295,3.653,5.438
182.271,598.267,3.653,5.438
182.092,599.239,3.653,5.438
181.914,600.211,3.653,5.438
181.736,601.183,3.653,5.438
181.557,602.155,3.653,5.438
181.379,603.127,3.653,5.438
181.201,604.099,3.653,5.438
181.022,605.071,3.653,5.438
180.844,606.043,3.653,5.438
180.666,607.015,3.653,5.438
180.487,607.987,3.653,5.438
180.309,608.959,3.653,5.438
180.131,609.931,3.653,5.438
179.953,610.903,3.653,5.438
179.774,611.875,3.653,5.438
179.596,612.847,3.653,5.438
179.418,613.819,3.653,5.438
179.239,614.791,3.653,5.438
179.061,615.763,3.653,5.438
178.883,616.735,3.653,5.438
178.704,617.707,3.653,5.438
178.526,618.679,3.653,5.438
178.337,619.719,3.651,5.439
178.147,620.759,3.650,5.439
177.958,621.799,3.648,5.439
177.768,622.839,3.646,5.439
177.576,623.879,3.647,5.440
177.380,624.919,3.652,5.440
177.184,625.958,3.656,5.440
176.988,626.998,3.661,5.440
176.792,628.038,3.666,5.441
176.596,629.078,3.671,5.441
176.400,630.118,3.675,5.441
176.204,631.158,3.680,5.441
176.009,632.198,3.685,5.442
175.813,633.237,3.690,5.442
175.617,634.277,3.694,5.442
175.421,635.317,3.699,5.442
175.225,636.357,3.704,5.443
175.029,637.397,3.709,5.443
174.833,638.437,3.713,5.443
174.637,639.477,3.718,5.444
174.441,640.516,3.723,5.444
174.245,641.556,3.728,5.444
174.041,642.544,3.728,5.444
173.837,643.533,3.728,5.444
173.633,644.521,3.728,5.444
173.428,645.509,3.728,5.444
173.224,646.497,3.728,5.444
173.020,647.485,3.728,5.444
172.816,648.473,3.728,5.444
172.612,649.462,3.728,5.444
172.408,650.450,3.728,5.444
172.204,651.438,3.728,5.444
171.999,652.426,3.728,5.444
171.795,653.414,3.728,5.444
171.591,654.402,3.728,5.444
171.387,655.391,3.728,5.444
171.183,656.379,3.728,5.444
170.979,657.367,3.728,5.444
170.775,658.355,3.728,5.444
170.570,659.343,3.728,5.444
170.366,660.331,3.728,5.444
170.162,661.320,3.728,5.444
169.958,662.308,3.728,5.444
169.754,663.296,3.728,5.444
169.550,664.284,3.728,5.444
169.346,665.272,3.728,5.444
169.141,666.260,3.728,5.444
168.937,667.249,3.728,5.444
168.701,668.305,3.728,5.444
168.464,669.361,3.728,5.444
168.227,670.417,3.728,5.444
167.991,671.473,3.728,5.444
167.754,672.530,3.728,5.444
167.517,673.586,3.728,5.444
167.280,674.642,3.728,5.444
167.044,675.698,3.728,5.444
166.807,676.755,3.728,5.444
166.570,677.811,3.728,5.444
166.334,678.867,3.728,5.444
166.097,679.923,3.728,5.444
165.860,680.979,3.728,5.444
165.624,682.036,3.728,5.444
165.387,683.092,3.728,5.444
165.150,684.148,3.728,5.444
164.914,685.204,3.728,5.444
164.677,686.260,3.728,5.444
164.440,687.317,3.728,5.444
164.204,688.373,3.728,5.444
163.967,689.429,3.728,5.444
163.730,690.485,3.728,5.444
163.493,691.542,3.728,5.444
163.257,692.598,3.728,5.444
163.020,693.654,3.728,5.444
162.783,694.710,3.728,5.444
162.555,695.733,3.707,5.433
162.327,696.755,3.687,5.422
162.099,697.778,3.666,5.411
161.871,698.801,3.646,5.401
161.643,699.823,3.625,5.390
161.415,700.846,3.604,5.379
161.187,701.869,3.584,5.368
160.959,702.891,3.563,5.357
160.731,703.914,3.543,5.346
160.503,704.937,3.522,5.336
160.275,705.959,3.502,5.325
160.047,706.982,3.481,5.314
159.819,708.004,3.461,5.303
159.591,709.027,3.440,5.292
159.363,710.050,3.420,5.281
159.135,711.072,3.399,5.270
158.907,712.095,3.379,5.260
158.679,713.118,3.358,5.249
158.451,714.140,3.338,5.238
158.223,715.163,3.317,5.227
157.995,716.185,3.297,5.216
157.767,717.208,3.276,5.205
157.538,718.231,3.255,5.194
157.256,719.218,3.255,5.194
156.974,720.205,3.255,5.194
156.692,721.192,3.255,5.194
156.410,722.179,3.255,5.194
156.128,723.167,3.255,5.194
155.846,724.154,3.255,5.194
155.564,725.141,3.255,5.194
155.282,726.128,3.255,5.194
155.000,727.115,3.255,5.194
154.718,728.103,3.255,5.194
154.436,729.090,3.255,5.194
154.154,730.077,3.255,5.194
153.872,731.064,3.255,5.194
153.590,732.051,3.255,5.194
153.308,733.038,3.255,5.194
153.026,734.026,3.255,5.194
152.744,735.013,3.255,5.194
152.462,736.000,3.255,5.194
152.231,737.192,3.255,5.194
152.000,738.385,3.255,5.194
