155.600,395.990,7.700,8.110
155.370,395.580,7.670,8.120
155.150,395.170,7.620,8.120
154.920,394.770,7.590,8.120
154.690,394.360,7.550,8.120
154.470,393.960,7.510,8.120
154.240,393.550,7.470,8.120
154.010,393.140,7.440,8.130
153.790,392.740,7.390,8.120
153.560,392.330,7.360,8.130
153.340,391.930,7.310,8.120
153.110,391.520,7.280,8.130
152.880,391.110,7.240,8.130
152.660,390.710,7.200,8.130
152.430,390.300,7.160,8.130
152.200,389.900,7.130,8.130
151.980,389.490,7.080,8.130
151.750,389.080,7.050,8.140
151.520,388.680,7.010,8.130
151.300,388.270,6.970,8.130
151.070,387.870,6.930,8.130
151.060,387.490,6.850,8.060
151.050,387.120,6.760,7.980
151.050,386.750,6.670,7.900
151.040,386.370,6.580,7.830
151.030,386.000,6.500,7.750
151.020,385.630,6.410,7.670
151.010,385.250,6.330,7.600
151.000,384.880,6.240,7.520
150.990,384.510,6.160,7.440
150.990,384.130,6.060,7.370
150.980,383.760,5.980,7.290
150.970,383.390,5.890,7.210
150.960,383.010,5.810,7.140
150.950,382.640,5.720,7.060
150.940,382.270,5.640,6.980
150.930,381.890,5.550,6.910
150.930,381.520,5.460,6.830
150.920,381.150,5.370,6.750
150.910,380.770,5.290,6.680
150.900,380.400,5.200,6.600
150.950,380.000,5.130,6.570
151.000,379.600,5.060,6.540
151.050,379.200,4.990,6.510
151.100,378.800,4.920,6.480
151.150,378.400,4.850,6.450
151.200,378.000,4.780,6.420
151.250,377.600,4.710,6.390
151.300,377.200,4.640,6.360
151.330,376.800,4.590,6.330
151.350,376.400,4.550,6.300
151.380,376.000,4.500,6.270
151.400,375.600,4.460,6.240
151.430,375.200,4.410,6.210
151.450,374.800,4.370,6.180
151.480,374.400,4.320,6.150
151.500,374.000,4.280,6.120
151.530,373.600,4.240,6.090
151.550,373.200,4.230,6.060
151.580,372.800,4.210,6.030
151.600,372.400,4.200,6.000
151.670,371.960,4.320,5.990
151.750,371.530,4.440,6.080
151.820,371.090,4.560,6.170
151.890,370.660,4.690,6.250
151.970,370.220,4.800,6.340
152.040,369.790,4.930,6.430
152.120,369.350,5.040,6.520
152.190,368.910,5.170,6.610
152.260,368.480,5.290,6.690
152.340,368.040,5.410,6.790
152.410,367.610,5.530,6.870
152.480,367.170,5.660,6.960
152.560,366.730,5.770,7.050
152.630,366.300,5.900,7.140
152.710,365.860,6.010,7.230
152.780,365.430,6.140,7.310
152.850,364.990,6.260,7.400
152.930,364.560,6.380,7.490
153.000,364.120,6.500,7.580
153.280,363.660,6.500,7.600
153.550,363.210,6.510,7.610
153.830,362.750,6.510,7.640
154.100,362.290,6.520,7.660
154.380,361.830,6.520,7.680
154.660,361.380,6.520,7.690
154.930,360.920,6.530,7.710
155.210,360.460,6.530,7.740
155.490,360.010,6.530,7.750
155.760,359.550,6.540,7.770
156.040,359.090,6.540,7.790
156.310,358.630,6.550,7.810
156.590,358.180,6.550,7.820
156.870,357.720,6.550,7.850
157.140,357.260,6.560,7.870
157.420,356.800,6.560,7.890
157.700,356.350,6.560,7.900
157.970,355.890,6.570,7.920
158.250,355.430,6.570,7.950
158.520,354.980,6.580,7.960
158.800,354.520,6.580,7.980
159.090,354.050,6.580,7.980
159.390,353.570,6.580,7.980
159.680,353.100,6.580,7.980
159.980,352.620,6.580,7.980
160.270,352.150,6.580,7.980
160.560,351.680,6.580,7.980
160.860,351.200,6.580,7.980
161.150,350.730,6.580,7.980
161.450,350.250,6.580,7.980
161.740,349.780,6.580,7.980
162.030,349.300,6.580,7.990
162.330,348.830,6.580,7.980
162.620,348.360,6.580,7.980
162.920,347.880,6.580,7.980
163.210,347.410,6.580,7.980
163.500,346.930,6.580,7.990
163.800,346.460,6.580,7.980
164.090,345.990,6.580,7.980
164.390,345.510,6.580,7.980
164.680,345.040,6.580,7.980
164.960,344.550,6.610,8.010
165.230,344.060,6.650,8.050
165.510,343.580,6.690,8.070
165.780,343.090,6.730,8.110
166.060,342.600,6.760,8.140
166.340,342.120,6.790,8.160
166.610,341.630,6.830,8.200
166.890,341.140,6.870,8.230
167.160,340.660,6.910,8.260
167.440,340.170,6.940,8.290
167.720,339.680,6.970,8.320
167.990,339.200,7.010,8.350
168.270,338.710,7.050,8.380
168.540,338.220,7.090,8.420
168.820,337.730,7.120,8.450
169.100,337.250,7.150,8.470
169.370,336.760,7.190,8.510
169.650,336.270,7.230,8.540
169.920,335.790,7.270,8.570
170.200,335.300,7.300,8.600
170.500,334.890,7.300,8.530
170.800,334.490,7.300,8.450
171.100,334.080,7.300,8.380
171.400,333.670,7.300,8.320
171.700,333.260,7.300,8.250
172.000,332.860,7.300,8.170
172.300,332.450,7.300,8.100
172.600,332.040,7.300,8.030
172.900,331.640,7.300,7.950
173.200,331.230,7.300,7.880
173.500,330.820,7.300,7.820
173.800,330.410,7.300,7.750
174.100,330.010,7.300,7.670
174.400,329.600,7.300,7.600
174.700,329.600,7.000,7.150
175.000,329.600,6.700,6.700
175.900,329.600,5.800,5.600
176.250,329.020,5.850,5.690
176.600,328.430,5.910,5.790
176.950,327.850,5.960,5.880
177.300,327.270,6.010,5.970
177.650,326.680,6.070,6.070
178.000,326.100,6.120,6.160
178.350,325.510,6.180,6.260
178.700,324.930,6.230,6.340
179.050,324.350,6.280,6.430
179.400,323.760,6.340,6.530
179.750,323.180,6.390,6.620
180.100,322.600,6.440,6.710
180.450,322.010,6.500,6.810
180.800,321.430,6.550,6.900
181.150,320.850,6.600,6.990
181.500,320.260,6.660,7.090
181.850,319.680,6.710,7.180
182.200,319.100,6.760,7.270
182.550,318.510,6.820,7.370
182.900,317.930,6.870,7.460
183.250,317.340,6.930,7.560
183.600,316.760,6.980,7.640
183.950,316.180,7.030,7.730
184.300,315.590,7.090,7.830
184.650,315.010,7.140,7.920
185.000,314.430,7.190,8.010
185.350,313.840,7.250,8.110
185.700,313.260,7.300,8.200
186.060,312.730,7.320,8.210
186.420,312.210,7.340,8.200
186.770,311.680,7.370,8.210
187.130,311.150,7.390,8.210
187.490,310.630,7.400,8.210
187.850,310.100,7.420,8.210
188.210,309.580,7.440,8.210
188.560,309.050,7.470,8.220
188.920,308.520,7.490,8.220
189.280,308.000,7.510,8.220
189.640,307.470,7.530,8.220
189.990,306.940,7.560,8.230
190.350,306.420,7.580,8.230
190.710,305.890,7.600,8.230
191.070,305.370,7.610,8.230
191.430,304.840,7.630,8.230
191.780,304.310,7.660,8.240
192.140,303.790,7.680,8.230
192.500,303.260,7.700,8.240
192.890,302.680,7.700,8.240
193.290,302.110,7.700,8.240
193.680,301.530,7.700,8.240
194.080,300.950,7.700,8.240
194.470,300.380,7.700,8.240
194.860,299.800,7.700,8.240
195.260,299.220,7.700,8.240
195.650,298.650,7.700,8.240
196.050,298.070,7.700,8.240
196.440,297.500,7.700,8.240
196.830,296.920,7.700,8.240
197.230,296.340,7.700,8.240
197.620,295.770,7.700,8.240
198.020,295.190,7.700,8.240
198.410,294.610,7.700,8.240
198.800,294.040,7.710,8.240
199.200,293.460,7.700,8.240
199.620,292.880,7.700,8.250
200.050,292.310,7.700,8.240
200.470,291.730,7.700,8.250
200.900,291.160,7.700,8.240
201.320,290.580,7.700,8.250
201.750,290.010,7.700,8.240
202.170,289.430,7.700,8.250
202.600,288.860,7.700,8.240
203.020,288.280,7.700,8.250
203.450,287.710,7.700,8.240
203.870,287.130,7.700,8.250
204.300,286.560,7.700,8.240
204.720,285.980,7.700,8.250
205.150,285.410,7.700,8.240
205.570,284.830,7.700,8.250
206.000,284.260,7.700,8.240
206.420,283.680,7.700,8.250
206.850,283.110,7.700,8.240
207.270,282.530,7.700,8.250
207.700,281.960,7.700,8.240
208.140,281.360,7.700,8.250
208.580,280.770,7.700,8.240
209.020,280.180,7.700,8.240
209.460,279.580,7.700,8.240
209.900,278.990,7.700,8.240
210.340,278.390,7.700,8.240
210.780,277.800,7.700,8.240
211.220,277.200,7.700,8.240
211.660,276.610,7.700,8.240
212.100,276.010,7.700,8.240
212.540,275.420,7.700,8.240
212.980,274.820,7.700,8.240
213.420,274.230,7.700,8.240
213.860,273.630,7.700,8.240
214.300,273.040,7.700,8.240
214.740,272.440,7.700,8.240
215.180,271.850,7.700,8.240
215.620,271.250,7.700,8.240
216.060,270.660,7.700,8.240
216.500,270.060,7.700,8.240
216.990,269.460,7.700,8.240
217.480,268.850,7.700,8.240
217.970,268.250,7.700,8.240
218.460,267.640,7.700,8.240
218.950,267.040,7.700,8.240
219.440,266.430,7.700,8.240
219.930,265.830,7.700,8.240
220.420,265.220,7.700,8.240
220.910,264.620,7.700,8.240
221.400,264.010,7.700,8.240
221.890,263.410,7.700,8.240
222.380,262.800,7.700,8.240
222.870,262.200,7.700,8.240
223.360,261.590,7.700,8.240
223.850,260.990,7.700,8.240
224.340,260.380,7.700,8.240
224.830,259.780,7.700,8.240
225.320,259.170,7.700,8.240
225.810,258.560,7.700,8.250
226.300,257.960,7.700,8.240
226.830,257.350,7.700,8.240
227.350,256.750,7.700,8.240
227.880,256.140,7.700,8.240
228.410,255.540,7.700,8.240
228.940,254.930,7.700,8.240
229.470,254.330,7.700,8.240
229.990,253.720,7.700,8.240
230.520,253.120,7.700,8.240
231.050,252.510,7.700,8.240
231.580,251.900,7.700,8.240
232.100,251.300,7.700,8.240
232.630,250.690,7.700,8.240
233.160,250.090,7.700,8.240
233.690,249.480,7.700,8.240
234.220,248.880,7.700,8.240
234.740,248.270,7.700,8.240
235.270,247.670,7.700,8.240
235.800,247.060,7.700,8.240
236.320,246.520,7.700,8.240
236.850,245.980,7.700,8.240
237.370,245.440,7.700,8.240
237.900,244.900,7.700,8.240
238.420,244.360,7.700,8.240
238.950,243.820,7.700,8.240
239.470,243.280,7.700,8.240
240.000,242.740,7.700,8.240
240.520,242.200,7.700,8.240
241.050,241.660,7.700,8.240
241.570,241.120,7.700,8.240
242.100,240.580,7.700,8.240
242.620,240.040,7.700,8.240
243.150,239.500,7.700,8.240
243.670,238.960,7.700,8.240
244.200,238.420,7.700,8.240
244.720,237.880,7.700,8.240
245.250,237.340,7.700,8.240
245.770,236.800,7.700,8.240
246.300,236.260,7.700,8.240
246.900,235.630,7.750,8.290
247.510,234.990,7.790,8.350
248.110,234.360,7.840,8.400
248.720,233.730,7.880,8.450
249.320,233.090,7.930,8.510
249.930,232.460,7.970,8.560
250.530,231.830,8.020,8.610
251.140,231.200,8.060,8.660
251.740,230.560,8.110,8.720
252.350,229.930,8.150,8.770
252.950,229.300,8.200,8.820
253.560,228.660,8.240,8.880
254.160,228.030,8.290,8.930
254.770,227.400,8.330,8.980
255.370,226.760,8.380,9.040
255.980,226.130,8.420,9.090
256.580,225.500,8.470,9.140
257.190,224.870,8.510,9.190
257.790,224.230,8.560,9.250
258.400,223.600,8.600,9.300
259.020,223.050,8.600,9.300
259.640,222.500,8.600,9.300
260.260,221.950,8.600,9.300
260.880,221.400,8.600,9.300
261.500,220.850,8.600,9.300
262.120,220.300,8.600,9.300
262.740,219.750,8.600,9.300
263.360,219.200,8.600,9.300
263.980,218.650,8.600,9.300
264.600,218.100,8.600,9.300
265.220,217.550,8.600,9.300
265.840,217.000,8.600,9.300
266.460,216.450,8.600,9.300
267.080,215.900,8.600,9.300
267.700,215.350,8.600,9.300
268.320,214.800,8.600,9.300
268.940,214.250,8.600,9.300
269.560,213.700,8.600,9.300
270.180,213.150,8.600,9.300
270.800,212.600,8.600,9.300
271.530,212.040,8.600,9.300
272.250,211.470,8.600,9.300
272.980,210.910,8.600,9.300
273.700,210.340,8.600,9.300
274.430,209.780,8.600,9.300
275.160,209.220,8.600,9.300
275.880,208.650,8.600,9.300
276.610,208.090,8.600,9.300
277.330,207.520,8.600,9.300
278.060,206.960,8.600,9.300
278.790,206.400,8.600,9.300
279.510,205.830,8.600,9.300
280.240,205.270,8.600,9.300
280.960,204.700,8.600,9.300
281.690,204.140,8.600,9.300
282.420,203.580,8.600,9.300
283.140,203.010,8.600,9.300
283.870,202.450,8.600,9.300
284.590,201.880,8.600,9.300
285.320,201.320,8.600,9.300
285.970,200.820,8.600,9.300
286.620,200.320,8.600,9.300
287.260,199.830,8.600,9.300
287.910,199.330,8.600,9.300
288.560,198.830,8.600,9.300
289.210,198.330,8.600,9.300
289.860,197.830,8.600,9.300
290.500,197.340,8.600,9.300
291.150,196.840,8.600,9.300
291.800,196.340,8.600,9.300
292.450,195.840,8.600,9.300
293.100,195.340,8.600,9.300
293.740,194.850,8.600,9.300
294.390,194.350,8.600,9.300
295.040,193.850,8.600,9.300
295.690,193.350,8.600,9.300
296.340,192.850,8.600,9.300
296.980,192.360,8.600,9.300
297.630,191.860,8.600,9.300
298.280,191.360,8.600,9.300
299.020,190.840,8.610,9.300
299.760,190.330,8.610,9.300
300.490,189.810,8.630,9.300
301.230,189.300,8.630,9.300
301.970,188.780,8.640,9.300
302.710,188.260,8.650,9.300
303.450,187.750,8.650,9.300
304.180,187.230,8.670,9.300
304.920,186.720,8.670,9.300
305.660,186.200,8.680,9.300
306.400,185.690,8.690,9.300
307.140,185.170,8.690,9.300
307.870,184.650,8.710,9.300
308.610,184.140,8.710,9.300
309.350,183.620,8.720,9.300
310.090,183.110,8.730,9.300
310.830,182.590,8.730,9.300
311.560,182.070,8.750,9.300
312.300,181.560,8.750,9.300
313.040,181.040,8.760,9.300
313.730,180.550,8.760,9.300
314.420,180.060,8.760,9.300
315.110,179.570,8.760,9.300
315.800,179.070,8.760,9.300
316.490,178.580,8.760,9.300
317.180,178.090,8.760,9.300
317.870,177.600,8.760,9.300
318.560,177.110,8.760,9.300
319.250,176.610,8.760,9.300
319.940,176.120,8.760,9.300
320.630,175.630,8.760,9.300
321.320,175.140,8.760,9.300
322.010,174.650,8.760,9.300
322.700,174.150,8.760,9.300
323.390,173.660,8.760,9.300
324.080,173.170,8.760,9.300
324.770,172.680,8.760,9.300
325.460,172.190,8.760,9.300
326.150,171.690,8.760,9.300
326.840,171.200,8.760,9.300
327.610,170.880,8.690,9.210
328.380,170.560,8.620,9.120
329.150,170.240,8.550,9.030
329.910,169.930,8.490,8.940
330.680,169.610,8.420,8.850
331.450,169.290,8.350,8.760
332.220,168.970,8.280,8.670
332.980,168.650,8.220,8.580
333.750,168.330,8.150,8.490
334.520,168.010,8.080,8.400
335.290,167.690,8.010,8.310
336.060,167.370,7.940,8.220
336.820,167.050,7.880,8.130
337.590,166.730,7.810,8.040
338.360,166.420,7.740,7.950
339.130,166.100,7.670,7.860
339.900,165.780,7.600,7.770
340.660,165.460,7.540,7.680
341.430,165.140,7.470,7.590
342.200,164.820,7.400,7.500
342.970,164.470,7.390,7.480
343.740,164.120,7.370,7.470
344.500,163.780,7.370,7.440
345.270,163.430,7.350,7.430
346.040,163.080,7.340,7.410
346.810,162.730,7.320,7.390
347.580,162.380,7.310,7.380
348.340,162.040,7.300,7.350
349.110,161.690,7.290,7.340
349.880,161.340,7.270,7.320
350.650,160.990,7.260,7.300
351.420,160.640,7.240,7.290
352.180,160.300,7.240,7.260
352.950,159.950,7.220,7.250
353.720,159.600,7.210,7.230
354.490,159.250,7.190,7.210
355.260,158.900,7.180,7.200
356.020,158.560,7.170,7.170
356.790,158.210,7.160,7.160
357.560,157.860,7.140,7.140
358.290,157.690,7.130,7.080
359.020,157.520,7.120,7.020
359.760,157.360,7.100,6.950
360.490,157.190,7.090,6.890
361.220,157.020,7.080,6.830
361.950,156.850,7.070,6.770
362.680,156.680,7.060,6.710
363.420,156.520,7.040,6.640
364.150,156.350,7.030,6.580
364.880,156.180,7.020,6.520
365.610,156.010,7.010,6.460
366.340,155.840,7.000,6.400
367.080,155.680,6.980,6.330
367.810,155.510,6.970,6.270
368.540,155.340,6.960,6.210
369.270,155.170,6.950,6.150
370.000,155.000,6.940,6.090
370.740,154.840,6.920,6.020
371.470,154.670,6.910,5.960
372.200,154.500,6.900,5.900
373.010,154.340,6.900,5.900
373.820,154.190,6.900,5.900
374.630,154.030,6.900,5.900
375.440,153.880,6.900,5.900
376.250,153.720,6.900,5.900
377.060,153.560,6.900,5.900
377.870,153.410,6.900,5.900
378.680,153.250,6.900,5.900
379.490,153.100,6.900,5.900
380.300,152.940,6.900,5.900
381.110,152.780,6.900,5.900
381.920,152.630,6.900,5.900
382.730,152.470,6.900,5.900
383.540,152.320,6.900,5.900
384.350,152.160,6.900,5.900
385.160,152.000,6.900,5.900
385.970,151.850,6.900,5.900
386.780,151.690,6.900,5.900
387.590,151.540,6.900,5.900
388.400,151.380,6.900,5.900
389.270,151.350,6.880,5.850
390.140,151.320,6.860,5.800
391.010,151.290,6.850,5.750
391.880,151.260,6.830,5.700
392.750,151.230,6.810,5.650
393.620,151.200,6.790,5.610
394.490,151.170,6.770,5.560
395.360,151.140,6.760,5.510
396.230,151.110,6.740,5.460
397.100,151.080,6.720,5.410
397.970,151.050,6.700,5.360
398.840,151.020,6.680,5.310
399.710,150.990,6.670,5.310
400.580,150.960,6.650,5.320
401.450,150.930,6.630,5.340
402.280,150.900,6.650,5.360
403.110,150.870,6.670,5.370
403.940,150.840,6.700,5.390
404.770,150.810,6.720,5.400
405.600,150.780,6.740,5.420
406.390,150.860,6.740,5.390
407.180,150.940,6.750,5.360
407.980,151.020,6.740,5.320
408.770,151.100,6.740,5.290
409.560,151.190,6.740,5.250
410.350,151.270,6.750,5.220
411.140,151.350,6.750,5.190
411.940,151.430,6.740,5.150
412.730,151.510,6.750,5.120
413.520,151.590,6.750,5.090
414.310,151.670,6.750,5.060
415.100,151.750,6.760,5.030
415.900,151.830,6.750,4.990
416.690,151.910,6.750,4.960
417.480,152.000,6.750,4.920
418.270,152.070,6.760,4.900
419.060,152.120,6.760,4.900
419.860,152.160,6.750,4.900
420.650,152.210,6.760,4.900
421.440,152.260,6.760,4.900
422.220,152.370,6.840,5.000
423.000,152.470,6.920,5.110
423.770,152.580,7.010,5.220
424.550,152.690,7.090,5.320
425.330,152.790,7.170,5.430
426.110,152.900,7.250,5.530
426.890,153.010,7.330,5.630
427.660,153.120,7.420,5.740
428.440,153.220,7.500,5.850
429.220,153.330,7.580,5.950
430.000,153.440,7.660,6.050
430.780,153.540,7.740,6.160
431.550,153.650,7.830,6.270
432.330,153.760,7.910,6.370
433.110,153.860,7.990,6.480
433.890,153.970,8.070,6.580
434.670,154.080,8.150,6.680
435.440,154.190,8.240,6.790
436.220,154.290,8.320,6.900
437.000,154.400,8.400,7.000
437.780,154.650,8.400,7.000
438.560,154.890,8.400,7.000
439.340,155.140,8.400,7.000
440.120,155.380,8.400,7.000
440.900,155.630,8.400,7.000
441.680,155.880,8.400,7.000
442.460,156.120,8.400,7.000
443.240,156.370,8.400,7.000
444.020,156.610,8.400,7.000
444.800,156.860,8.400,7.000
445.580,157.110,8.400,7.000
446.360,157.350,8.400,7.000
447.140,157.600,8.400,7.000
447.920,157.840,8.400,7.000
448.700,158.090,8.400,7.000
449.480,158.340,8.400,7.000
450.260,158.580,8.400,7.000
451.040,158.830,8.400,7.000
451.820,159.070,8.400,7.000
452.600,159.320,8.400,7.000
453.330,159.640,8.400,7.000
454.060,159.970,8.400,7.000
454.800,160.290,8.400,7.000
455.530,160.620,8.400,7.000
456.260,160.940,8.400,7.000
456.990,161.260,8.400,7.000
457.720,161.590,8.400,7.000
458.460,161.910,8.400,7.000
459.190,162.240,8.400,7.000
459.920,162.560,8.400,7.000
460.650,162.880,8.400,7.000
461.380,163.210,8.400,7.000
462.120,163.530,8.400,7.000
462.850,163.860,8.400,7.000
463.580,164.180,8.400,7.000
464.310,164.500,8.400,7.000
465.040,164.830,8.400,7.000
465.780,165.150,8.400,7.000
466.510,165.480,8.400,7.000
467.240,165.800,8.400,7.000
468.010,166.190,8.400,7.000
468.790,166.580,8.400,7.000
469.560,166.970,8.400,7.000
470.340,167.360,8.400,7.000
471.110,167.750,8.400,7.000
471.880,168.140,8.400,7.000
472.660,168.530,8.400,7.000
473.430,168.920,8.400,7.000
474.210,169.310,8.400,7.000
474.980,169.700,8.400,7.000
475.750,170.090,8.400,7.000
476.530,170.480,8.400,7.000
477.300,170.870,8.400,7.000
478.070,171.260,8.400,7.000
478.850,171.650,8.400,7.000
479.620,172.040,8.400,7.000
480.400,172.430,8.400,7.000
481.170,172.820,8.400,7.000
481.940,173.210,8.400,7.000
482.720,173.600,8.400,7.000
483.440,174.000,8.400,7.000
484.160,174.400,8.400,7.000
484.880,174.810,8.400,7.000
485.600,175.210,8.400,7.000
486.320,175.610,8.400,7.000
487.040,176.010,8.400,7.000
487.760,176.410,8.400,7.000
488.480,176.820,8.400,7.000
489.200,177.220,8.400,7.000
489.920,177.620,8.400,7.000
490.640,178.020,8.400,7.000
491.360,178.420,8.400,7.000
492.080,178.830,8.400,7.000
492.800,179.230,8.400,7.000
493.520,179.630,8.400,7.000
494.240,180.030,8.400,7.000
494.960,180.430,8.400,7.000
495.680,180.840,8.400,7.000
496.400,181.240,8.400,7.000
497.120,181.640,8.400,7.000
497.850,182.020,8.400,7.000
498.580,182.400,8.400,7.000
499.310,182.770,8.400,7.000
500.050,183.150,8.400,7.000
500.780,183.530,8.400,7.000
501.510,183.910,8.400,7.000
502.240,184.290,8.400,7.000
502.970,184.660,8.400,7.000
503.710,185.040,8.400,7.000
504.440,185.420,8.400,7.000
505.170,185.800,8.400,7.000
505.900,186.180,8.400,7.000
506.630,186.550,8.400,7.000
507.370,186.930,8.400,7.000
508.100,187.310,8.400,7.000
508.830,187.690,8.400,7.000
509.560,188.070,8.400,7.000
510.290,188.440,8.400,7.000
511.030,188.820,8.400,7.000
511.760,189.200,8.400,7.000
512.540,189.620,8.400,7.000
513.320,190.040,8.400,7.000
514.100,190.460,8.400,7.000
514.880,190.880,8.400,7.000
515.660,191.300,8.400,7.000
516.440,191.720,8.400,7.000
517.220,192.140,8.400,7.000
518.000,192.560,8.400,7.000
518.780,192.980,8.400,7.000
519.560,193.400,8.400,7.000
520.340,193.820,8.400,7.000
521.120,194.240,8.400,7.000
521.900,194.660,8.400,7.000
522.680,195.080,8.400,7.000
523.460,195.500,8.400,7.000
524.240,195.920,8.400,7.000
525.020,196.340,8.400,7.000
525.800,196.760,8.400,7.000
526.580,197.180,8.400,7.000
527.360,197.600,8.400,7.000
528.140,198.020,8.400,7.000
528.920,198.430,8.400,7.000
529.700,198.840,8.400,7.000
530.480,199.260,8.400,7.000
531.260,199.670,8.400,7.000
532.040,200.090,8.400,7.000
532.820,200.500,8.400,7.000
533.600,200.910,8.400,7.000
534.380,201.330,8.400,7.000
535.160,201.740,8.400,7.000
535.940,202.160,8.400,7.000
536.720,202.570,8.400,7.000
537.500,202.980,8.400,7.000
538.280,203.400,8.400,7.000
539.060,203.810,8.400,7.000
539.840,204.230,8.400,7.000
540.620,204.640,8.400,7.000
541.400,205.050,8.400,7.000
542.180,205.470,8.400,7.000
542.960,205.880,8.400,7.000
543.680,206.260,8.400,7.000
544.400,206.640,8.400,7.000
545.120,207.020,8.400,7.000
545.840,207.390,8.400,7.000
546.560,207.770,8.400,7.000
547.280,208.150,8.400,7.000
548.000,208.530,8.400,7.000
548.720,208.910,8.400,7.000
549.440,209.280,8.400,7.000
550.160,209.660,8.400,7.000
550.880,210.040,8.400,7.000
551.600,210.420,8.400,7.000
552.320,210.800,8.400,7.000
553.040,211.170,8.400,7.000
553.760,211.550,8.400,7.000
554.480,211.930,8.400,7.000
555.200,212.310,8.400,7.000
555.920,212.690,8.400,7.000
556.640,213.060,8.400,7.000
557.360,213.440,8.400,7.000
558.050,213.890,8.400,7.000
558.740,214.340,8.400,7.000
559.430,214.790,8.400,7.000
560.120,215.240,8.400,7.000
560.810,215.690,8.400,7.000
561.500,216.140,8.400,7.000
562.190,216.590,8.400,7.000
