153.000,666.000,14.399,6.700
154.000,665.916,14.249,6.584
155.000,665.832,14.099,6.469
156.096,665.623,14.104,6.469
157.191,665.414,14.108,6.469
158.287,665.206,14.112,6.469
159.382,664.997,14.117,6.469
160.478,664.788,14.121,6.469
161.574,664.579,14.126,6.469
162.669,664.371,14.130,6.469
163.765,664.162,14.134,6.469
164.861,663.953,14.139,6.469
165.956,663.745,14.143,6.469
167.052,663.536,14.147,6.469
168.147,663.327,14.152,6.469
169.243,663.119,14.156,6.469
170.339,662.910,14.161,6.469
171.434,662.701,14.165,6.469
172.530,662.492,14.169,6.469
173.626,662.284,14.174,6.469
174.721,662.075,14.178,6.469
175.817,661.866,14.182,6.469
176.912,661.658,14.187,6.469
178.008,661.449,14.191,6.469
179.104,661.240,14.196,6.469
180.199,661.032,14.200,6.469
181.303,660.832,14.200,6.469
182.407,660.632,14.200,6.469
183.511,660.432,14.200,6.469
184.615,660.232,14.200,6.469
185.719,660.032,14.200,6.469
186.824,659.832,14.200,6.469
187.928,659.632,14.200,6.469
189.032,659.432,14.200,6.469
190.136,659.232,14.200,6.469
191.240,659.032,14.200,6.469
192.344,658.832,14.200,6.469
193.448,658.632,14.200,6.469
194.552,658.432,14.200,6.469
195.656,658.232,14.200,6.469
196.760,658.032,14.200,6.469
197.864,657.832,14.200,6.469
198.968,657.632,14.200,6.469
200.072,657.432,14.200,6.469
201.176,657.232,14.200,6.469
202.280,657.032,14.200,6.469
203.384,656.832,14.200,6.469
204.488,656.631,14.200,6.469
205.592,656.431,14.200,6.469
206.696,656.231,14.200,6.469
207.800,656.031,14.200,6.469
208.925,655.836,14.200,6.469
210.050,655.640,14.200,6.469
211.175,655.444,14.200,6.469
212.300,655.248,14.200,6.469
213.425,655.052,14.200,6.469
214.550,654.856,14.200,6.469
215.675,654.661,14.200,6.469
216.800,654.465,14.200,6.469
217.925,654.269,14.200,6.469
219.050,654.073,14.200,6.469
220.175,653.877,14.200,6.469
221.300,653.681,14.200,6.469
222.425,653.486,14.200,6.469
223.550,653.290,14.200,6.469
224.675,653.094,14.200,6.469
225.800,652.898,14.200,6.469
226.925,652.702,14.200,6.469
228.050,652.506,14.200,6.469
229.175,652.311,14.200,6.469
230.300,652.115,14.200,6.469
231.425,651.919,14.200,6.469
232.550,651.723,14.200,6.469
233.675,651.527,14.200,6.469
234.800,651.331,14.200,6.469
235.892,651.140,14.200,6.469
236.983,650.948,14.200,6.469
238.075,650.756,14.200,6.469
239.167,650.565,14.200,6.469
240.258,650.373,14.200,6.469
241.350,650.181,14.200,6.469
242.442,649.990,14.200,6.469
243.533,649.798,14.200,6.469
244.625,649.606,14.200,6.469
245.717,649.415,14.200,6.469
246.808,649.223,14.200,6.469
247.900,649.031,14.200,6.469
248.992,648.840,14.200,6.469
250.083,648.648,14.200,6.469
251.175,648.456,14.200,6.469
252.267,648.265,14.200,6.469
253.358,648.073,14.200,6.469
254.450,647.881,14.200,6.469
255.542,647.690,14.200,6.469
256.633,647.498,14.200,6.469
257.725,647.306,14.200,6.469
258.817,647.115,14.200,6.469
259.908,646.923,14.200,6.469
261.000,646.731,14.200,6.469
262.123,646.530,14.212,6.474
263.246,646.329,14.223,6.479
264.369,646.128,14.235,6.484
265.492,645.927,14.246,6.489
266.615,645.725,14.258,6.494
267.738,645.524,14.269,6.499
268.862,645.323,14.281,6.504
269.985,645.122,14.292,6.509
271.108,644.921,14.304,6.518
272.231,644.719,14.315,6.534
273.354,644.518,14.327,6.551
274.477,644.317,14.338,6.568
275.600,644.116,14.350,6.584
276.723,643.915,14.362,6.601
277.846,643.713,14.373,6.617
278.969,643.512,14.385,6.634
280.092,643.311,14.396,6.651
281.215,643.110,14.408,6.667
282.338,642.908,14.419,6.684
283.462,642.707,14.431,6.700
284.585,642.506,14.442,6.717
285.708,642.305,14.454,6.734
286.831,642.104,14.465,6.750
287.954,641.902,14.477,6.767
289.077,641.701,14.488,6.783
290.200,641.500,14.500,6.800
291.308,641.278,14.534,6.802
292.415,641.057,14.567,6.804
293.523,640.835,14.601,6.806
294.631,640.614,14.634,6.808
295.739,640.392,14.668,6.810
296.846,640.170,14.701,6.812
297.954,639.949,14.735,6.814
299.062,639.727,14.768,6.815
300.170,639.505,14.802,6.817
301.277,639.284,14.835,6.839
302.385,639.062,14.869,6.863
303.493,638.841,14.903,6.886
304.601,638.619,14.936,6.910
305.708,638.397,14.970,6.934
306.816,638.176,15.003,6.958
307.924,637.954,15.037,6.982
309.032,637.733,15.070,7.006
310.139,637.511,15.104,7.030
311.247,637.289,15.137,7.054
312.355,637.068,15.171,7.077
313.463,636.846,15.205,7.101
314.570,636.625,15.238,7.125
315.678,636.403,15.272,7.149
316.786,636.181,15.305,7.173
317.894,635.960,15.339,7.197
319.001,635.738,15.372,7.221
320.109,635.516,15.406,7.245
321.217,635.295,15.439,7.268
322.325,635.073,15.473,7.292
323.432,634.852,15.506,7.316
324.540,634.630,15.540,7.340
325.650,634.370,15.550,7.360
326.760,634.120,15.570,7.370
327.870,633.860,15.580,7.400
328.990,633.600,15.590,7.420
330.100,633.350,15.600,7.430
331.210,633.090,15.620,7.460
332.320,632.830,15.630,7.480
333.430,632.580,15.650,7.500
334.550,632.320,15.650,7.520
335.660,632.060,15.670,7.540
336.770,631.810,15.680,7.560
337.880,631.550,15.700,7.580
338.990,631.290,15.720,7.610
340.110,631.040,15.720,7.620
341.220,630.750,15.740,7.670
342.330,630.450,15.750,7.740
343.440,630.150,15.770,7.800
344.550,629.860,15.780,7.860
345.670,629.560,15.790,7.920
346.780,629.260,15.800,7.980
347.890,628.960,15.820,8.050
349.000,628.670,15.830,8.100
350.110,628.370,15.850,8.170
351.230,628.070,15.850,8.230
352.340,627.770,15.870,8.290
353.450,627.480,15.880,8.350
354.560,627.180,15.900,8.410
355.560,626.820,15.850,8.430
356.550,626.450,15.810,8.460
357.540,626.090,15.770,8.480
358.540,625.730,15.720,8.500
359.530,625.370,15.680,8.520
360.520,625.000,15.640,8.550
361.520,624.640,15.590,8.620
362.609,624.293,15.491,8.619
363.698,623.946,15.391,8.618
364.787,623.599,15.292,8.617
365.876,623.252,15.192,8.616
366.965,622.905,15.093,8.615
368.054,622.558,14.993,8.614
369.143,622.211,14.894,8.613
370.232,621.864,14.794,8.612
371.321,621.517,14.695,8.611
372.410,621.170,14.595,8.610
373.499,620.823,14.495,8.609
374.588,620.476,14.396,8.608
375.677,620.129,14.296,8.607
376.766,619.782,14.197,8.606
377.855,619.435,14.097,8.605
378.944,619.088,13.998,8.604
380.033,618.741,13.898,8.603
381.122,618.394,13.799,8.602
382.211,618.047,13.699,8.601
383.300,617.700,13.600,8.600
384.316,617.316,13.600,8.600
385.332,616.932,13.600,8.600
386.347,616.547,13.600,8.600
387.363,616.163,13.600,8.600
388.379,615.779,13.600,8.600
389.395,615.395,13.600,8.600
390.411,615.011,13.600,8.600
391.426,614.626,13.600,8.600
392.442,614.242,13.600,8.600
393.458,613.858,13.600,8.600
394.474,613.474,13.600,8.600
395.489,613.089,13.600,8.600
396.505,612.705,13.600,8.600
397.521,612.321,13.600,8.600
398.537,611.937,13.600,8.600
399.553,611.553,13.600,8.600
400.568,611.168,13.600,8.600
401.584,610.784,13.600,8.600
402.600,610.400,13.600,8.600
403.605,609.900,13.610,8.685
404.610,609.400,13.620,8.770
405.615,608.900,13.630,8.855
406.620,608.400,13.640,8.940
407.625,607.900,13.650,9.025
408.630,607.400,13.660,9.110
409.635,606.900,13.670,9.195
410.640,606.400,13.680,9.280
411.645,605.900,13.690,9.365
412.650,605.400,13.700,9.450
413.655,604.900,13.710,9.535
414.660,604.400,13.720,9.620
415.665,603.900,13.730,9.705
416.670,603.400,13.740,9.790
417.675,602.900,13.750,9.875
418.680,602.400,13.760,9.960
419.685,601.900,13.770,10.045
420.690,601.400,13.780,10.130
421.695,600.900,13.790,10.215
422.700,600.400,13.800,10.300
423.713,599.856,13.800,10.300
424.725,599.313,13.800,10.300
425.738,598.769,13.800,10.300
426.750,598.225,13.800,10.300
427.763,597.681,13.800,10.300
428.775,597.138,13.800,10.300
429.788,596.594,13.800,10.300
430.800,596.050,13.800,10.300
431.813,595.506,13.800,10.300
432.825,594.963,13.800,10.300
433.838,594.419,13.800,10.300
434.850,593.875,13.800,10.300
435.863,593.332,13.800,10.300
436.875,592.788,13.800,10.300
437.888,592.244,13.800,10.300
438.900,591.700,13.800,10.300
439.845,591.133,13.787,10.290
440.790,590.565,13.774,10.281
441.736,589.997,13.761,10.271
442.681,589.429,13.748,10.261
443.626,588.862,13.735,10.252
444.571,588.294,13.723,10.242
445.516,587.726,13.710,10.232
446.461,587.158,13.697,10.222
447.407,586.591,13.684,10.213
448.352,586.023,13.671,10.203
449.297,585.455,13.658,10.193
450.242,584.887,13.645,10.184
451.187,584.320,13.632,10.174
452.132,583.752,13.619,10.164
453.077,583.184,13.606,10.155
454.023,582.616,13.594,10.145
454.968,582.049,13.581,10.135
455.913,581.481,13.568,10.126
456.858,580.913,13.555,10.116
457.803,580.346,13.542,10.106
458.748,579.778,13.529,10.097
459.694,579.210,13.516,10.087
460.639,578.642,13.503,10.077
461.584,578.075,13.490,10.067
462.529,577.507,13.477,10.058
463.474,576.939,13.465,10.048
464.419,576.371,13.452,10.038
465.365,575.804,13.439,10.029
466.310,575.236,13.426,10.019
467.255,574.668,13.413,10.009
468.200,574.100,13.400,10.000
469.148,573.424,13.333,10.035
470.095,572.748,13.267,10.071
471.043,572.072,13.200,10.106
471.990,571.396,13.133,10.142
472.938,570.719,13.067,10.178
473.886,570.043,13.000,10.213
474.833,569.367,12.933,10.249
475.781,568.691,12.867,10.284
476.729,568.014,12.800,10.320
477.676,567.338,12.733,10.356
478.624,566.662,12.667,10.391
479.571,565.986,12.600,10.427
480.519,565.310,12.533,10.462
481.467,564.633,12.467,10.498
482.414,563.957,12.400,10.534
483.362,563.281,12.333,10.569
484.310,562.605,12.267,10.605
485.257,561.929,12.200,10.640
486.205,561.252,12.133,10.676
487.152,560.576,12.067,10.711
488.100,559.900,12.000,10.747
488.941,559.229,12.000,10.747
489.782,558.559,12.000,10.747
490.624,557.888,12.000,10.747
491.465,557.218,12.000,10.747
492.306,556.547,12.000,10.747
493.147,555.876,12.000,10.747
493.988,555.206,12.000,10.747
494.829,554.535,12.000,10.747
495.671,553.865,12.000,10.747
496.512,553.194,12.000,10.747
497.353,552.524,12.000,10.747
498.194,551.853,12.000,10.747
499.035,551.182,12.000,10.747
499.876,550.512,12.000,10.747
500.718,549.841,12.000,10.747
501.559,549.171,12.000,10.747
502.400,548.500,12.000,10.747
503.222,547.738,11.969,10.768
504.044,546.975,11.938,10.789
504.866,546.213,11.908,10.810
505.688,545.451,11.877,10.830
506.510,544.688,11.846,10.851
507.332,543.926,11.815,10.872
508.155,543.164,11.785,10.893
508.977,542.401,11.754,10.914
509.799,541.639,11.723,10.935
510.621,540.877,11.692,10.956
511.443,540.114,11.661,10.976
512.265,539.352,11.631,10.997
513.087,538.590,11.600,11.018
513.909,537.827,11.569,11.039
514.731,537.065,11.538,11.060
515.553,536.303,11.508,11.081
516.375,535.540,11.477,11.101
517.197,534.778,11.446,11.122
518.020,534.016,11.415,11.143
518.842,533.253,11.384,11.164
519.664,532.491,11.354,11.185
520.486,531.729,11.323,11.206
521.308,530.966,11.292,11.226
522.109,530.157,11.246,11.254
522.910,529.347,11.201,11.282
523.711,528.537,11.155,11.310
524.512,527.727,11.109,11.339
525.313,526.917,11.063,11.367
526.114,526.108,11.018,11.395
526.915,525.298,10.972,11.423
527.716,524.488,10.926,11.451
528.517,523.678,10.880,11.479
529.318,522.868,10.835,11.507
530.119,522.059,10.789,11.535
530.920,521.249,10.743,11.563
531.721,520.439,10.697,11.591
532.522,519.629,10.652,11.619
533.323,518.820,10.606,11.647
534.125,518.010,10.560,11.675
534.926,517.200,10.514,11.703
535.727,516.390,10.469,11.731
536.528,515.580,10.423,11.759
537.329,514.771,10.377,11.787
538.130,513.961,10.331,11.815
538.796,513.147,10.331,11.815
539.463,512.334,10.331,11.815
540.130,511.521,10.331,11.815
540.796,510.707,10.331,11.815
541.463,509.894,10.331,11.815
542.130,509.081,10.331,11.815
542.796,508.267,10.331,11.815
543.463,507.454,10.331,11.815
544.130,506.641,10.331,11.815
544.796,505.827,10.331,11.815
545.463,505.014,10.331,11.815
546.130,504.201,10.331,11.815
546.796,503.387,10.331,11.815
547.463,502.574,10.331,11.815
548.130,501.761,10.331,11.815
548.796,500.841,10.312,11.857
549.461,499.921,10.293,11.899
550.127,499.001,10.274,11.941
550.793,498.081,10.255,11.982
551.459,497.161,10.236,12.024
552.124,496.241,10.217,12.066
552.790,495.321,10.197,12.108
553.456,494.401,10.178,12.150
554.122,493.481,10.159,12.192
554.787,492.561,10.140,12.234
555.453,491.641,10.121,12.276
556.119,490.720,10.102,12.318
556.785,489.800,10.083,12.360
557.450,488.880,10.064,12.402
558.116,487.960,10.044,12.444
558.782,487.040,10.025,12.486
559.448,486.120,10.006,12.528
560.114,485.200,9.987,12.570
560.779,484.280,9.968,12.612
561.445,483.360,9.949,12.654
562.111,482.440,9.930,12.696
562.777,481.520,9.910,12.738
563.442,480.600,9.891,12.780
564.108,479.680,9.872,12.822
564.774,478.760,9.853,12.864
565.440,477.840,9.834,12.906
566.105,476.920,9.815,12.948
566.771,476.000,9.796,12.990
567.437,475.080,9.777,13.032
568.103,474.160,9.757,13.074
568.768,473.240,9.738,13.116
569.434,472.320,9.719,13.158
570.100,471.400,9.700,13.200
570.400,470.900,9.930,13.600
571.006,469.944,9.911,13.567
571.611,468.989,9.893,13.533
572.217,468.033,9.875,13.500
572.822,467.078,9.856,13.467
573.428,466.122,9.838,13.433
574.033,465.167,9.820,13.400
574.639,464.211,9.801,13.367
575.244,463.256,9.783,13.333
575.850,462.300,9.765,13.300
576.456,461.344,9.746,13.267
577.061,460.389,9.728,13.233
577.667,459.433,9.710,13.200
578.272,458.478,9.692,13.167
578.878,457.522,9.673,13.133
579.483,456.567,9.655,13.100
580.089,455.611,9.637,13.067
580.694,454.656,9.618,13.033
581.300,453.700,9.600,13.000
581.805,452.726,9.600,13.000
582.311,451.753,9.600,13.000
582.816,450.779,9.600,13.000
583.321,449.805,9.600,13.000
583.826,448.832,9.600,13.000
584.332,447.858,9.600,13.000
584.837,446.884,9.600,13.000
585.342,445.911,9.600,13.000
585.847,444.937,9.600,13.000
586.353,443.963,9.600,13.000
586.858,442.989,9.600,13.000
587.363,442.016,9.600,13.000
587.868,441.042,9.600,13.000
588.374,440.068,9.600,13.000
588.879,439.095,9.600,13.000
589.384,438.121,9.600,13.000
589.889,437.147,9.600,13.000
590.395,436.174,9.600,13.000
590.900,435.200,9.600,13.000
591.423,434.213,9.479,13.020
591.946,433.225,9.357,13.039
592.470,432.238,9.236,13.059
592.993,431.250,9.114,13.078
593.516,430.263,8.993,13.098
594.039,429.276,8.871,13.118
594.562,428.288,8.750,13.137
595.086,427.301,8.628,13.157
595.609,426.314,8.507,13.177
596.132,425.326,8.385,13.196
596.655,424.339,8.264,13.216
597.178,423.351,8.142,13.235
597.702,422.364,8.021,13.255
598.225,421.377,7.899,13.275
598.748,420.389,7.778,13.294
599.271,419.402,7.656,13.314
599.794,418.415,7.535,13.334
600.147,417.419,7.511,13.349
600.499,416.423,7.488,13.364
600.852,415.427,7.464,13.379
601.204,414.431,7.441,13.394
601.556,413.436,7.417,13.409
601.909,412.440,7.394,13.424
602.261,411.444,7.370,13.440
602.614,410.448,7.347,13.455
602.966,409.453,7.323,13.470
603.318,408.457,7.299,13.485
603.671,407.461,7.276,13.500
604.023,406.465,7.252,13.515
604.376,405.469,7.229,13.530
604.728,404.474,7.205,13.546
605.080,403.478,7.182,13.561
605.433,402.482,7.158,13.576
605.785,401.486,7.135,13.591
606.138,400.490,7.111,13.606
606.490,399.495,7.088,13.621
606.842,398.499,7.064,13.636
607.195,397.503,7.041,13.652
607.547,396.507,7.017,13.667
607.900,395.512,6.994,13.682
608.252,394.516,6.970,13.697
608.604,393.520,6.947,13.712
608.957,392.524,6.923,13.727
609.309,391.528,6.900,13.743
609.662,390.533,6.876,13.758
610.014,389.537,6.853,13.773
610.366,388.541,6.829,13.788
610.719,387.545,6.806,13.803
611.071,386.549,6.782,13.818
611.424,385.554,6.759,13.833
611.776,384.558,6.735,13.849
612.128,383.562,6.712,13.864
612.481,382.566,6.688,13.879
612.833,381.571,6.665,13.894
613.186,380.575,6.641,13.909
613.538,379.579,6.618,13.924
613.890,378.583,6.594,13.939
614.243,377.587,6.571,13.955
614.595,376.592,6.547,13.970
614.948,375.596,6.524,13.985
615.300,374.600,6.500,14.000
615.523,373.600,6.477,13.963
615.747,372.600,6.453,13.927
615.970,371.600,6.430,13.890
616.193,370.600,6.407,13.853
616.417,369.600,6.383,13.817
616.640,368.600,6.360,13.780
616.863,367.600,6.337,13.743
617.087,366.600,6.313,13.707
617.310,365.600,6.290,13.670
617.533,364.600,6.267,13.633
617.757,363.600,6.243,13.597
617.980,362.600,6.220,13.560
618.203,361.600,6.197,13.523
618.427,360.600,6.173,13.487
618.650,359.600,6.150,13.450
618.873,358.600,6.127,13.413
619.097,357.600,6.103,13.377
619.320,356.600,6.080,13.340
619.543,355.600,6.057,13.303
619.767,354.600,6.033,13.267
619.990,353.600,6.010,13.230
620.213,352.600,5.987,13.193
620.437,351.600,5.963,13.157
620.660,350.600,5.940,13.120
620.883,349.600,5.917,13.083
621.107,348.600,5.893,13.047
621.330,347.600,5.870,13.010
621.553,346.600,5.847,12.973
621.777,345.600,5.823,12.937
622.000,344.600,5.800,12.900
622.138,343.572,5.736,12.888
622.277,342.544,5.671,12.876
622.415,341.516,5.607,12.864
622.554,340.488,5.542,12.852
622.692,339.461,5.478,12.840
622.831,338.433,5.424,12.828
622.969,337.405,5.394,12.815
623.108,336.377,5.365,12.803
623.246,335.349,5.335,12.791
623.385,334.321,5.306,12.779
623.523,333.293,5.276,12.767
623.662,332.265,5.247,12.755
623.800,331.237,5.218,12.743
623.939,330.209,5.188,12.731
624.077,329.182,5.159,12.719
624.216,328.154,5.129,12.707
624.354,327.126,5.100,12.695
624.493,326.098,5.071,12.683
624.631,325.070,5.041,12.671
624.770,324.042,5.012,12.659
624.908,323.014,4.982,12.646
625.047,321.986,4.953,12.634
625.185,320.958,4.923,12.622
625.290,319.914,4.928,12.627
625.393,318.868,4.933,12.632
625.497,317.823,4.939,12.638
625.601,316.778,4.944,12.643
625.705,315.733,4.949,12.648
625.808,314.687,4.955,12.654
625.912,313.642,4.960,12.661
625.897,312.631,4.960,12.661
625.882,311.620,4.960,12.661
625.868,310.609,4.960,12.661
625.853,309.598,4.960,12.661
625.838,308.586,4.960,12.661
625.823,307.575,4.960,12.661
625.808,306.564,4.960,12.661
625.794,305.553,4.960,12.661
625.779,304.542,4.960,12.661
625.764,303.531,4.960,12.661
625.749,302.520,4.960,12.661
625.734,301.509,4.960,12.661
625.719,300.498,4.960,12.661
625.705,299.486,4.960,12.661
625.690,298.475,4.960,12.661
625.675,297.464,4.960,12.661
625.660,296.453,4.960,12.661
625.645,295.442,4.960,12.661
625.631,294.431,4.960,12.661
625.616,293.420,4.960,12.661
625.601,292.409,4.960,12.661
625.586,291.398,4.960,12.661
625.571,290.386,4.960,12.661
625.556,289.375,4.960,12.661
625.542,288.364,4.960,12.661
625.527,287.353,4.960,12.661
625.512,286.342,4.960,12.661
625.439,285.317,4.961,12.666
625.365,284.292,4.961,12.671
625.292,283.267,4.962,12.675
625.100,282.400,5.000,12.400
625.004,281.389,5.000,12.403
624.908,280.378,5.000,12.406
624.812,279.367,4.999,12.409
624.716,278.357,4.999,12.413
624.620,277.346,4.999,12.416
624.524,276.335,4.999,12.419
624.429,275.324,4.998,12.437
624.333,274.313,4.998,12.471
624.237,273.302,4.998,12.504
624.141,272.291,4.998,12.538
624.045,271.280,4.997,12.572
623.949,270.270,4.997,12.606
623.853,269.259,4.997,12.640
623.757,268.248,4.997,12.673
623.661,267.237,4.996,12.707
623.565,266.226,4.996,12.741
623.469,265.215,4.996,12.775
623.373,264.204,4.996,12.809
623.277,263.194,4.995,12.842
623.182,262.183,4.995,12.876
623.086,261.172,4.995,12.910
622.971,260.161,5.014,12.944
622.842,259.150,5.046,12.978
622.714,258.139,5.095,13.012
622.585,257.128,5.162,13.045
622.456,256.117,5.228,13.079
622.328,255.107,5.295,13.113
622.178,254.120,5.295,13.113
622.028,253.133,5.295,13.113
621.878,252.147,5.295,13.113
621.728,251.160,5.295,13.113
621.578,250.173,5.295,13.113
621.428,249.187,5.295,13.113
621.278,248.200,5.295,13.113
621.128,247.213,5.295,13.113
620.978,246.227,5.295,13.113
620.828,245.240,5.295,13.113
620.678,244.253,5.295,13.113
620.528,243.267,5.295,13.113
620.378,242.280,5.295,13.113
620.228,241.293,5.295,13.113
620.078,240.307,5.295,13.113
619.928,239.320,5.295,13.113
619.778,238.333,5.295,13.113
619.628,237.347,5.295,13.113
619.478,236.360,5.295,13.113
619.328,235.373,5.295,13.113
619.178,234.387,5.295,13.113
619.028,233.400,5.295,13.113
618.878,232.413,5.295,13.113
618.728,231.427,5.295,13.113
618.578,230.440,5.295,13.113
618.428,229.453,5.295,13.113
618.278,228.467,5.295,13.113
618.128,227.480,5.295,13.113
617.978,226.493,5.295,13.113
617.828,225.507,5.295,13.113
617.655,224.495,5.295,13.113
617.482,223.483,5.295,13.113
617.309,222.472,5.295,13.113
617.136,221.460,5.295,13.113
616.962,220.449,5.295,13.113
616.789,219.437,5.295,13.113
616.616,218.426,5.295,13.113
616.443,217.414,5.295,13.113
616.270,216.403,5.295,13.113
616.097,215.391,5.295,13.113
615.924,214.380,5.295,13.113
615.751,213.368,5.295,13.113
615.578,212.357,5.295,13.113
615.405,211.345,5.295,13.113
615.232,210.333,5.295,13.113
615.059,209.322,5.295,13.113
614.886,208.310,5.295,13.113
614.712,207.299,5.295,13.113
614.539,206.287,5.295,13.113
614.366,205.276,5.295,13.113
614.193,204.264,5.295,13.113
614.020,203.253,5.295,13.113
613.847,202.241,5.295,13.113
613.674,201.230,5.295,13.113
613.501,200.218,5.295,13.113
613.328,199.207,5.295,13.113
613.169,198.221,5.283,13.111
613.009,197.235,5.272,13.110
612.850,196.249,5.261,13.108
612.691,195.263,5.250,13.107
612.531,194.277,5.239,13.105
612.372,193.291,5.228,13.103
612.213,192.305,5.217,13.102
612.053,191.319,5.206,13.100
611.894,190.333,5.194,13.099
611.735,189.347,5.183,13.097
611.575,188.361,5.172,13.096
611.416,187.375,5.162,13.094
611.219,186.385,5.195,13.100
611.022,185.395,5.229,13.105
610.826,184.405,5.262,13.111
610.629,183.415,5.295,13.117
610.432,182.425,5.329,13.123
610.236,181.435,5.362,13.128
610.039,180.445,5.396,13.134
609.843,179.455,5.429,13.140
609.675,178.469,5.429,13.140
609.507,177.483,5.429,13.140
609.339,176.497,5.429,13.140
609.171,175.512,5.429,13.140
609.003,174.526,5.429,13.140
608.835,173.540,5.429,13.140
608.668,172.555,5.429,13.140
608.500,171.569,5.429,13.140
608.332,170.583,5.429,13.140
608.164,169.597,5.429,13.140
607.996,168.612,5.429,13.140
607.828,167.626,5.429,13.140
607.660,166.640,5.429,13.140
607.493,165.655,5.429,13.140
607.325,164.669,5.429,13.140
607.157,163.683,5.429,13.140
606.989,162.697,5.429,13.140
606.821,161.712,5.429,13.140
606.653,160.726,5.429,13.140
606.485,159.740,5.429,13.140
606.318,158.755,5.429,13.140
606.150,157.769,5.429,13.140
605.982,156.783,5.429,13.140
605.814,155.797,5.429,13.140
605.646,154.812,5.429,13.140
605.478,153.826,5.429,13.140
605.310,152.840,5.429,13.140
605.143,151.855,5.429,13.140
605.143,151.055,5.429,13.140
605.143,150.255,5.429,13.140
