805.000,152.000,12.800,6.600
804.017,152.242,12.783,6.558
803.033,152.483,12.767,6.517
802.050,152.725,12.750,6.475
801.067,152.967,12.733,6.433
800.083,153.208,12.717,6.392
799.100,153.450,12.700,6.350
798.117,153.692,12.683,6.308
797.133,153.933,12.667,6.267
796.150,154.175,12.650,6.225
795.167,154.417,12.633,6.183
794.183,154.658,12.617,6.142
793.200,154.900,12.600,6.100
792.295,155.081,12.600,6.100
791.390,155.262,12.600,6.100
790.486,155.443,12.600,6.100
789.581,155.624,12.600,6.100
788.676,155.805,12.600,6.100
787.771,155.986,12.600,6.100
786.867,156.167,12.600,6.100
785.962,156.348,12.600,6.100
785.057,156.529,12.600,6.100
784.152,156.710,12.600,6.100
783.248,156.890,12.600,6.100
782.343,157.071,12.600,6.100
781.438,157.252,12.600,6.100
780.533,157.433,12.600,6.100
779.629,157.614,12.600,6.100
778.724,157.795,12.600,6.100
777.819,157.976,12.600,6.100
776.914,158.157,12.600,6.100
776.010,158.338,12.600,6.100
775.105,158.519,12.600,6.100
774.200,158.700,12.600,6.100
773.243,158.899,12.598,6.084
772.287,159.098,12.595,6.067
771.330,159.297,12.593,6.051
770.373,159.496,12.591,6.034
769.416,159.694,12.588,6.018
768.460,159.893,12.586,6.001
767.503,160.092,12.583,5.985
766.546,160.291,12.581,5.968
765.590,160.490,12.579,5.952
764.633,160.689,12.576,5.935
763.676,160.888,12.574,5.921
762.719,161.087,12.572,5.914
761.763,161.285,12.569,5.907
760.806,161.484,12.567,5.900
759.849,161.683,12.565,5.893
758.893,161.882,12.562,5.886
757.936,162.081,12.560,5.878
756.979,162.280,12.558,5.871
756.023,162.479,12.555,5.864
755.066,162.678,12.553,5.857
754.109,162.876,12.550,5.850
753.160,163.080,12.547,5.843
752.211,163.284,12.545,5.835
751.262,163.487,12.542,5.828
750.313,163.691,12.539,5.821
749.364,163.895,12.536,5.814
748.414,164.098,12.533,5.807
747.465,164.302,12.530,5.800
746.516,164.506,12.527,5.793
745.567,164.709,12.524,5.785
744.618,164.913,12.521,5.778
743.669,165.117,12.518,5.771
742.720,165.320,12.515,5.764
741.771,165.524,12.512,5.757
740.821,165.728,12.509,5.750
739.872,165.926,12.506,5.748
738.923,166.119,12.503,5.752
737.974,166.311,12.500,5.756
737.025,166.504,12.497,5.759
736.076,166.697,12.494,5.763
735.127,166.889,12.491,5.767
734.178,167.082,12.489,5.771
733.229,167.275,12.486,5.775
732.318,167.445,12.486,5.729
731.407,167.614,12.486,5.683
730.497,167.783,12.486,5.637
729.586,167.925,12.486,5.619
728.676,168.068,12.486,5.600
727.765,168.210,12.486,5.582
726.855,168.352,12.486,5.564
725.944,168.494,12.486,5.545
725.034,168.636,12.486,5.527
724.123,168.778,12.486,5.508
723.213,168.920,12.486,5.490
722.302,169.062,12.486,5.472
721.392,169.204,12.486,5.453
720.481,169.347,12.486,5.435
719.571,169.489,12.486,5.417
718.660,169.631,12.486,5.402
717.750,169.773,12.486,5.402
716.839,169.915,12.486,5.402
715.929,170.057,12.486,5.402
714.990,170.206,12.476,5.364
714.052,170.354,12.467,5.326
713.114,170.503,12.457,5.288
712.176,170.652,12.448,5.270
711.237,170.800,12.438,5.251
710.299,170.949,12.428,5.233
709.361,171.098,12.419,5.215
708.423,171.246,12.409,5.197
707.484,171.395,12.400,5.178
706.546,171.544,12.390,5.160
705.608,171.692,12.381,5.142
704.670,171.841,12.371,5.123
703.731,171.990,12.362,5.105
702.793,172.138,12.352,5.087
701.855,172.287,12.343,5.069
700.917,172.436,12.333,5.050
699.978,172.584,12.324,5.032
699.040,172.733,12.314,5.014
698.102,172.874,12.305,5.003
697.164,172.999,12.295,5.008
696.225,173.124,12.286,5.013
695.287,173.249,12.276,5.019
694.349,173.374,12.267,5.024
693.411,173.499,12.257,5.030
692.458,173.604,12.264,5.024
691.505,173.708,12.271,5.019
690.553,173.813,12.277,5.014
689.600,173.918,12.284,5.008
688.647,174.022,12.291,5.003
687.695,174.127,12.298,4.998
686.742,174.231,12.304,4.992
685.789,174.322,12.311,5.001
684.837,174.409,12.318,5.014
683.884,174.496,12.325,5.026
682.931,174.583,12.331,5.038
681.979,174.670,12.338,5.050
681.026,174.757,12.345,5.062
680.073,174.844,12.352,5.075
679.121,174.931,12.358,5.087
678.168,175.018,12.365,5.099
677.215,175.105,12.372,5.111
676.263,175.193,12.379,5.123
675.310,175.280,12.385,5.135
674.358,175.367,12.392,5.148
673.405,175.454,12.399,5.160
672.452,175.541,12.406,5.172
671.515,175.616,12.406,5.172
670.577,175.691,12.406,5.172
669.640,175.766,12.406,5.172
668.702,175.841,12.406,5.172
667.765,175.916,12.406,5.172
666.827,175.991,12.406,5.172
665.890,176.066,12.406,5.172
664.952,176.141,12.406,5.172
664.015,176.216,12.406,5.172
663.077,176.291,12.406,5.172
662.140,176.366,12.406,5.172
661.202,176.441,12.406,5.172
660.265,176.516,12.406,5.172
659.327,176.591,12.406,5.172
658.390,176.666,12.406,5.172
657.452,176.741,12.406,5.172
656.515,176.816,12.406,5.172
655.577,176.891,12.406,5.172
654.640,176.966,12.406,5.172
653.702,177.041,12.406,5.172
652.765,177.116,12.406,5.172
651.827,177.191,12.406,5.172
650.890,177.266,12.406,5.172
649.952,177.341,12.406,5.172
649.000,177.399,12.399,5.161
648.049,177.456,12.393,5.150
647.097,177.514,12.387,5.139
646.145,177.572,12.381,5.127
645.193,177.629,12.375,5.116
644.242,177.687,12.368,5.105
643.290,177.744,12.362,5.094
642.338,177.802,12.356,5.083
641.386,177.860,12.350,5.072
640.434,177.917,12.344,5.060
639.483,177.975,12.338,5.049
638.531,178.033,12.331,5.038
637.579,178.090,12.325,5.027
636.627,178.148,12.319,5.016
635.676,178.206,12.313,5.005
634.724,178.263,12.307,4.993
633.772,178.321,12.300,4.982
632.820,178.378,12.294,4.971
631.868,178.436,12.288,4.960
630.917,178.491,12.282,4.951
629.965,178.536,12.276,4.953
629.013,178.580,12.270,4.955
628.061,178.625,12.263,4.957
627.110,178.669,12.257,4.959
626.195,178.714,12.257,4.959
625.280,178.758,12.257,4.959
624.365,178.803,12.257,4.959
623.450,178.847,12.257,4.959
622.535,178.891,12.257,4.959
621.621,178.936,12.257,4.959
620.706,178.980,12.257,4.959
619.791,179.025,12.257,4.959
618.876,179.069,12.257,4.959
617.961,179.114,12.257,4.959
617.047,179.158,12.257,4.959
616.132,179.203,12.257,4.959
615.217,179.247,12.257,4.959
614.302,179.291,12.257,4.959
613.387,179.336,12.257,4.959
612.472,179.380,12.257,4.959
611.558,179.425,12.257,4.959
610.643,179.469,12.257,4.959
609.728,179.514,12.257,4.959
608.813,179.558,12.257,4.959
607.898,179.603,12.257,4.959
606.984,179.647,12.257,4.959
606.069,179.691,12.257,4.959
605.154,179.736,12.257,4.959
604.239,179.780,12.257,4.959
603.324,179.825,12.257,4.959
602.410,179.869,12.257,4.959
601.525,179.889,12.257,4.959
600.640,179.909,12.257,4.959
599.755,179.929,12.257,4.959
598.870,179.949,12.257,4.959
597.985,179.969,12.257,4.959
597.100,179.989,12.257,4.959
596.215,180.009,12.257,4.959
595.330,180.029,12.257,4.959
594.445,180.049,12.257,4.959
593.560,180.069,12.257,4.959
592.675,180.089,12.257,4.959
591.790,180.109,12.257,4.959
590.905,180.129,12.257,4.959
590.020,180.149,12.257,4.959
589.135,180.169,12.257,4.959
588.250,180.189,12.257,4.959
587.365,180.209,12.257,4.959
586.480,180.229,12.257,4.959
585.595,180.249,12.257,4.959
584.710,180.269,12.257,4.959
583.783,180.343,12.261,4.958
582.856,180.416,12.265,4.957
581.930,180.489,12.268,4.956
581.003,180.562,12.272,4.954
580.077,180.636,12.276,4.953
579.150,180.709,12.279,4.952
578.224,180.782,12.283,4.951
577.297,180.848,12.287,4.958
576.371,180.913,12.291,4.964
575.444,180.978,12.294,4.971
574.518,181.044,12.298,4.978
573.591,181.109,12.302,4.984
572.665,181.175,12.305,4.991
571.738,181.240,12.309,4.998
570.812,181.305,12.313,5.005
569.885,181.371,12.317,5.011
568.959,181.436,12.320,5.018
568.032,181.502,12.324,5.025
567.106,181.567,12.328,5.031
566.179,181.632,12.331,5.038
565.253,181.698,12.335,5.045
564.326,181.763,12.339,5.051
563.400,181.829,12.342,5.058
562.473,181.894,12.346,5.065
561.547,181.959,12.350,5.072
560.620,182.025,12.354,5.078
559.694,182.090,12.357,5.085
558.767,182.156,12.361,5.092
557.841,182.221,12.365,5.098
556.914,182.286,12.368,5.105
555.988,182.352,12.372,5.112
555.061,182.417,12.376,5.118
554.135,182.483,12.380,5.125
553.208,182.548,12.383,5.132
552.282,182.613,12.387,5.139
551.355,182.679,12.391,5.145
550.429,182.744,12.394,5.152
549.502,182.810,12.398,5.159
548.576,182.875,12.402,5.165
547.649,182.940,12.406,5.172
546.760,183.025,12.407,5.175
545.871,183.110,12.409,5.179
544.982,183.195,12.410,5.182
544.093,183.280,12.412,5.185
543.204,183.365,12.414,5.189
542.315,183.450,12.415,5.192
541.426,183.535,12.417,5.195
540.537,183.620,12.418,5.199
539.648,183.704,12.420,5.202
538.759,183.789,12.422,5.205
537.870,183.874,12.423,5.209
536.981,183.959,12.425,5.212
536.092,184.044,12.427,5.215
535.203,184.129,12.428,5.218
534.314,184.214,12.430,5.222
533.424,184.299,12.431,5.225
532.535,184.384,12.433,5.228
531.646,184.468,12.435,5.232
530.757,184.553,12.436,5.235
529.868,184.638,12.438,5.238
528.979,184.723,12.439,5.242
528.090,184.808,12.441,5.245
527.201,184.893,12.443,5.248
526.312,184.978,12.444,5.252
525.423,185.063,12.446,5.255
524.534,185.148,12.447,5.258
523.633,185.273,12.452,5.240
522.731,185.399,12.457,5.221
521.830,185.525,12.462,5.202
520.929,185.651,12.467,5.183
520.028,185.777,12.472,5.165
519.126,185.903,12.477,5.146
518.225,186.029,12.482,5.127
517.324,186.155,12.487,5.108
516.423,186.281,12.492,5.090
515.521,186.407,12.497,5.071
514.620,186.533,12.502,5.054
513.719,186.659,12.507,5.054
512.818,186.785,12.512,5.054
511.916,186.911,12.517,5.054
511.015,187.036,12.522,5.054
510.114,187.162,12.527,5.054
509.213,187.288,12.532,5.054
508.311,187.414,12.537,5.054
507.410,187.540,12.542,5.054
506.509,187.666,12.547,5.054
505.608,187.792,12.552,5.054
504.706,187.918,12.557,5.054
503.805,188.044,12.562,5.054
502.904,188.170,12.567,5.054
502.003,188.296,12.571,5.054
501.101,188.422,12.576,5.054
500.200,188.548,12.581,5.054
499.325,188.715,12.585,5.075
498.451,188.883,12.588,5.096
497.576,189.050,12.592,5.117
496.701,189.218,12.595,5.139
495.827,189.385,12.599,5.160
494.952,189.553,12.603,5.181
494.077,189.720,12.606,5.203
493.203,189.888,12.610,5.224
492.328,190.055,12.613,5.245
491.453,190.223,12.617,5.266
490.579,190.390,12.620,5.288
489.704,190.558,12.624,5.309
488.829,190.725,12.627,5.330
487.955,190.893,12.631,5.351
487.080,191.061,12.634,5.373
486.205,191.228,12.638,5.394
485.331,191.396,12.641,5.415
484.456,191.563,12.645,5.437
483.581,191.731,12.648,5.458
482.707,191.898,12.652,5.479
481.832,192.066,12.655,5.500
480.957,192.233,12.659,5.522
480.082,192.401,12.662,5.543
479.208,192.568,12.666,5.564
478.333,192.736,12.669,5.585
477.458,192.903,12.673,5.607
476.584,193.071,12.676,5.628
475.740,193.261,12.676,5.628
474.897,193.451,12.676,5.628
474.054,193.641,12.676,5.628
473.210,193.831,12.676,5.628
472.367,194.021,12.676,5.628
471.524,194.211,12.676,5.628
470.680,194.401,12.676,5.628
469.837,194.591,12.676,5.628
468.994,194.781,12.676,5.628
468.150,194.971,12.676,5.628
467.307,195.161,12.676,5.628
466.464,195.351,12.676,5.628
465.620,195.541,12.676,5.628
464.777,195.731,12.676,5.628
463.934,195.921,12.676,5.628
463.090,196.111,12.676,5.628
462.247,196.301,12.676,5.628
461.404,196.491,12.676,5.628
460.560,196.681,12.676,5.628
459.717,196.871,12.676,5.628
458.874,197.061,12.676,5.628
458.030,197.251,12.676,5.628
457.187,197.441,12.676,5.628
456.344,197.631,12.676,5.628
455.500,197.821,12.676,5.628
454.657,198.011,12.676,5.628
453.814,198.201,12.676,5.628
452.970,198.391,12.676,5.628
452.127,198.581,12.676,5.628
451.284,198.771,12.676,5.628
450.402,198.987,12.680,5.676
449.520,199.204,12.684,5.724
448.638,199.420,12.688,5.772
447.756,199.636,12.691,5.819
446.875,199.853,12.695,5.867
445.993,200.069,12.699,5.915
445.111,200.285,12.703,5.963
444.229,200.502,12.706,6.011
443.347,200.718,12.710,6.059
442.465,200.934,12.714,6.107
441.584,201.151,12.717,6.155
440.702,201.367,12.721,6.202
439.820,201.583,12.725,6.250
438.938,201.800,12.729,6.298
438.056,202.016,12.732,6.346
437.174,202.232,12.736,6.394
436.292,202.449,12.740,6.442
435.411,202.665,12.743,6.490
434.529,202.882,12.747,6.537
433.647,203.098,12.751,6.585
432.765,203.314,12.755,6.633
431.883,203.531,12.758,6.681
431.001,203.747,12.762,6.729
430.191,204.007,12.762,6.742
429.381,204.268,12.762,6.755
428.570,204.529,12.762,6.768
427.760,204.789,12.762,6.781
426.950,205.050,12.762,6.794
426.139,205.310,12.762,6.807
425.329,205.571,12.761,6.820
424.519,205.831,12.761,6.833
423.708,206.092,12.761,6.846
422.898,206.352,12.761,6.859
422.088,206.613,12.761,6.872
421.277,206.874,12.761,6.885
420.467,207.134,12.761,6.898
419.657,207.395,12.761,6.911
418.846,207.655,12.761,6.924
418.036,207.916,12.761,6.937
417.226,208.176,12.761,6.950
416.415,208.437,12.760,6.963
415.605,208.697,12.760,6.976
414.795,208.958,12.760,6.989
413.984,209.218,12.760,7.002
413.174,209.479,12.760,7.015
412.363,209.740,12.760,7.028
411.553,210.000,12.760,7.041
410.743,210.261,12.760,7.054
409.932,210.521,12.760,7.067
409.122,210.782,12.760,7.080
408.292,211.070,12.758,7.098
407.461,211.358,12.757,7.117
406.631,211.645,12.756,7.135
405.800,211.933,12.755,7.153
404.969,212.221,12.754,7.171
404.139,212.509,12.753,7.189
403.308,212.797,12.751,7.208
402.478,213.085,12.750,7.226
401.647,213.373,12.749,7.244
400.817,213.661,12.748,7.262
399.986,213.949,12.747,7.281
399.156,214.236,12.745,7.299
398.325,214.524,12.744,7.317
397.495,214.812,12.743,7.335
396.664,215.100,12.742,7.354
395.834,215.388,12.741,7.372
395.003,215.676,12.740,7.390
394.173,215.964,12.738,7.408
393.342,216.252,12.737,7.426
392.512,216.540,12.736,7.445
391.681,216.828,12.735,7.463
390.850,217.115,12.734,7.481
390.020,217.403,12.733,7.499
389.189,217.691,12.731,7.518
388.359,217.979,12.730,7.536
387.528,218.267,12.729,7.554
386.698,218.555,12.728,7.572
385.867,218.843,12.727,7.591
385.075,219.148,12.721,7.622
384.283,219.453,12.715,7.654
383.491,219.759,12.710,7.686
382.699,220.064,12.704,7.718
381.907,220.369,12.698,7.750
381.115,220.674,12.693,7.782
380.323,220.980,12.687,7.814
379.531,221.285,12.681,7.846
378.739,221.590,12.676,7.878
377.947,221.896,12.670,7.910
377.155,222.201,12.664,7.941
376.363,222.506,12.659,7.973
375.571,222.811,12.653,8.005
374.779,223.117,12.647,8.037
373.987,223.422,12.642,8.069
373.195,223.727,12.636,8.101
372.403,224.032,12.630,8.133
371.611,224.338,12.624,8.165
370.819,224.643,12.619,8.197
370.027,224.948,12.613,8.229
369.235,225.254,12.607,8.261
368.443,225.559,12.602,8.292
367.651,225.864,12.596,8.324
366.859,226.169,12.590,8.356
366.067,226.475,12.585,8.388
365.275,226.780,12.579,8.420
364.483,227.085,12.573,8.452
363.691,227.390,12.568,8.484
362.899,227.696,12.562,8.516
362.107,228.001,12.556,8.548
361.310,228.365,12.556,8.548
360.513,228.728,12.556,8.548
359.716,229.092,12.556,8.548
358.919,229.456,12.556,8.548
358.122,229.819,12.556,8.548
357.325,230.183,12.556,8.548
356.528,230.546,12.556,8.548
355.732,230.910,12.556,8.548
354.935,231.274,12.556,8.548
354.138,231.637,12.556,8.548
353.341,232.001,12.556,8.548
352.544,232.365,12.556,8.548
351.747,232.728,12.556,8.548
350.950,233.092,12.556,8.548
350.153,233.456,12.556,8.548
349.356,233.819,12.556,8.548
348.559,234.183,12.556,8.548
347.762,234.546,12.556,8.548
346.965,234.910,12.556,8.548
346.168,235.274,12.556,8.548
345.371,235.637,12.556,8.548
344.574,236.001,12.556,8.548
343.777,236.365,12.556,8.548
342.980,236.728,12.556,8.548
342.183,237.092,12.556,8.548
341.386,237.456,12.556,8.548
340.589,237.819,12.556,8.548
339.792,238.183,12.556,8.548
338.995,238.546,12.556,8.548
338.198,238.910,12.556,8.548
337.401,239.274,12.556,8.548
336.604,239.637,12.556,8.548
335.807,240.001,12.556,8.548
335.011,240.390,12.556,8.548
334.215,240.779,12.556,8.548
333.418,241.168,12.556,8.548
332.622,241.557,12.556,8.548
331.826,241.945,12.556,8.548
331.029,242.334,12.556,8.548
330.233,242.723,12.556,8.548
329.437,243.112,12.556,8.548
328.641,243.501,12.556,8.548
327.844,243.890,12.556,8.548
327.048,244.279,12.556,8.548
326.252,244.668,12.556,8.548
325.455,245.057,12.556,8.548
324.659,245.445,12.556,8.548
323.863,245.834,12.556,8.548
323.067,246.223,12.556,8.548
322.270,246.612,12.556,8.548
321.474,247.001,12.556,8.548
320.678,247.390,12.556,8.548
319.881,247.779,12.556,8.548
319.085,248.168,12.556,8.548
318.289,248.557,12.556,8.548
317.492,248.945,12.556,8.548
316.696,249.334,12.556,8.548
315.900,249.723,12.556,8.548
315.104,250.112,12.556,8.548
314.325,250.507,12.553,8.559
313.547,250.902,12.550,8.571
312.768,251.296,12.546,8.582
311.990,251.691,12.543,8.594
311.211,252.086,12.540,8.605
310.433,252.481,12.536,8.617
309.655,252.876,12.533,8.628
308.876,253.270,12.529,8.640
308.098,253.665,12.526,8.651
307.319,254.060,12.523,8.663
306.541,254.455,12.519,8.674
305.763,254.849,12.516,8.686
304.984,255.244,12.513,8.697
304.206,255.639,12.509,8.709
303.427,256.034,12.506,8.720
302.649,256.429,12.503,8.731
301.870,256.823,12.499,8.743
301.092,257.218,12.496,8.754
300.314,257.613,12.492,8.766
299.535,258.008,12.489,8.777
298.757,258.402,12.486,8.789
297.978,258.797,12.482,8.800
297.200,259.192,12.479,8.812
296.421,259.587,12.476,8.823
295.643,259.982,12.472,8.835
294.865,260.376,12.469,8.846
294.079,260.765,12.469,8.846
293.294,261.154,12.469,8.846
292.509,261.543,12.469,8.846
291.724,261.932,12.469,8.846
290.939,262.321,12.469,8.846
290.154,262.710,12.469,8.846
289.368,263.099,12.469,8.846
288.583,263.487,12.469,8.846
287.798,263.876,12.469,8.846
287.013,264.265,12.469,8.846
286.228,264.654,12.469,8.846
285.442,265.043,12.469,8.846
284.657,265.432,12.469,8.846
283.872,265.821,12.469,8.846
283.087,266.210,12.469,8.846
282.302,266.599,12.469,8.846
281.516,266.987,12.469,8.846
280.731,267.376,12.469,8.846
279.946,267.765,12.469,8.846
279.161,268.154,12.469,8.846
278.376,268.543,12.469,8.846
277.591,268.932,12.469,8.846
276.805,269.321,12.469,8.846
276.020,269.710,12.469,8.846
275.235,270.099,12.469,8.846
274.450,270.487,12.469,8.846
273.665,270.876,12.469,8.846
272.853,271.243,12.476,8.817
272.042,271.609,12.482,8.788
271.231,271.975,12.489,8.759
270.420,272.342,12.496,8.730
269.608,272.708,12.503,8.702
268.797,273.074,12.509,8.673
267.986,273.441,12.516,8.644
267.175,273.807,12.523,8.615
266.363,274.173,12.530,8.586
265.552,274.540,12.537,8.557
264.741,274.906,12.543,8.528
263.930,275.272,12.550,8.499
263.118,275.639,12.557,8.470
262.307,276.005,12.564,8.441
261.496,276.371,12.570,8.412
260.685,276.738,12.577,8.383
259.873,277.104,12.584,8.354
259.062,277.470,12.591,8.325
258.251,277.837,12.597,8.296
257.439,278.203,12.604,8.267
256.628,278.569,12.611,8.238
255.817,278.936,12.618,8.209
255.006,279.302,12.624,8.180
254.194,279.668,12.631,8.151
253.383,280.035,12.638,8.122
252.572,280.401,12.645,8.093
251.761,280.767,12.652,8.064
250.949,281.134,12.658,8.035
250.138,281.500,12.665,8.006
249.327,281.866,12.672,7.977
248.516,282.233,12.679,7.948
247.704,282.599,12.685,7.919
246.854,282.932,12.685,7.919
246.004,283.266,12.685,7.919
245.154,283.599,12.685,7.919
244.304,283.932,12.685,7.919
243.454,284.266,12.685,7.919
242.604,284.599,12.685,7.919
241.754,284.932,12.685,7.919
240.904,285.266,12.685,7.919
240.054,285.599,12.685,7.919
239.204,285.932,12.685,7.919
238.354,286.266,12.685,7.919
237.504,286.599,12.685,7.919
236.654,286.932,12.685,7.919
235.804,287.266,12.685,7.919
234.954,287.599,12.685,7.919
234.104,287.932,12.685,7.919
233.254,288.266,12.685,7.919
232.404,288.599,12.685,7.919
231.554,288.932,12.685,7.919
230.704,289.266,12.685,7.919
229.854,289.599,12.685,7.919
229.004,289.932,12.685,7.919
228.154,290.266,12.685,7.919
227.304,290.599,12.685,7.919
226.454,290.932,12.685,7.919
225.604,291.266,12.685,7.919
224.754,291.599,12.685,7.919
223.904,291.932,12.685,7.919
223.054,292.266,12.685,7.919
222.204,292.599,12.685,7.919
221.329,292.895,12.688,7.883
220.453,293.190,12.690,7.847
219.577,293.486,12.692,7.811
218.701,293.782,12.695,7.775
217.825,294.077,12.697,7.739
216.949,294.373,12.699,7.703
216.073,294.668,12.702,7.667
215.197,294.964,12.704,7.631
214.322,295.259,12.706,7.595
213.446,295.555,12.709,7.559
212.570,295.851,12.711,7.523
211.694,296.146,12.713,7.486
210.818,296.442,12.716,7.450
209.942,296.737,12.718,7.414
209.066,297.033,12.720,7.378
208.190,297.329,12.723,7.342
207.315,297.624,12.725,7.306
206.439,297.920,12.727,7.270
205.563,298.215,12.730,7.234
204.687,298.511,12.732,7.198
203.811,298.807,12.734,7.162
202.935,299.102,12.737,7.126
202.059,299.398,12.739,7.090
201.183,299.693,12.741,7.054
200.308,299.989,12.743,7.018
199.432,300.285,12.746,6.981
198.556,300.580,12.748,6.945
197.680,300.876,12.750,6.909
196.804,301.171,12.753,6.873
195.928,301.467,12.755,6.837
195.052,301.763,12.757,6.801
194.176,302.058,12.760,6.765
193.301,302.354,12.762,6.729
192.405,302.567,12.762,6.720
191.509,302.781,12.761,6.712
190.614,302.994,12.761,6.703
189.718,303.208,12.761,6.695
188.823,303.422,12.761,6.686
187.927,303.635,12.760,6.678
187.032,303.849,12.760,6.669
186.136,304.062,12.760,6.660
185.241,304.276,12.759,6.652
184.345,304.489,12.759,6.643
183.449,304.703,12.759,6.635
182.554,304.916,12.758,6.626
181.658,305.130,12.758,6.618
180.763,305.344,12.758,6.609
179.867,305.557,12.757,6.601
178.972,305.771,12.757,6.592
178.076,305.984,12.757,6.583
177.181,306.198,12.757,6.575
176.285,306.411,12.756,6.566
175.390,306.625,12.756,6.558
174.494,306.839,12.756,6.549
173.598,307.052,12.755,6.541
172.703,307.266,12.755,6.532
171.807,307.479,12.755,6.524
170.912,307.693,12.754,6.515
170.016,307.906,12.754,6.506
169.121,308.120,12.754,6.498
168.225,308.334,12.753,6.489
167.330,308.547,12.753,6.481
166.434,308.761,12.753,6.472
165.538,308.974,12.752,6.464
164.643,309.188,12.752,6.455
163.747,309.401,12.752,6.447
162.852,309.615,12.752,6.438
161.956,309.828,12.751,6.429
161.061,310.042,12.751,6.421
160.165,310.256,12.751,6.412
159.270,310.469,12.750,6.404
158.374,310.683,12.750,6.395
157.479,310.896,12.750,6.387
156.583,311.110,12.749,6.378
155.687,311.323,12.749,6.370
154.770,311.489,12.752,6.441
153.853,311.655,12.754,6.513
152.935,311.821,12.757,6.585
152.018,311.987,12.759,6.657
151.101,312.153,12.762,6.729
