313.980,150.280,6.720,10.750
314.040,150.850,6.770,10.720
314.110,151.430,6.810,10.690
314.170,152.000,6.860,10.670
314.230,152.570,6.910,10.650
314.290,153.140,6.960,10.620
314.350,153.710,7.010,10.600
314.410,154.280,7.060,10.580
314.480,154.860,7.100,10.550
314.540,155.430,7.150,10.520
314.600,156.000,7.200,10.500
314.720,156.530,7.200,10.500
314.830,157.060,7.200,10.500
314.950,157.580,7.200,10.500
315.070,158.110,7.200,10.500
315.190,158.640,7.200,10.500
315.300,159.170,7.200,10.500
315.420,159.700,7.200,10.500
315.540,160.230,7.200,10.500
315.660,160.750,7.200,10.500
315.770,161.280,7.200,10.500
315.880,161.800,7.200,10.500
315.980,162.320,7.200,10.500
316.080,162.840,7.200,10.500
316.180,163.360,7.200,10.500
316.290,163.880,7.200,10.500
316.390,164.390,7.200,10.500
316.490,164.910,7.200,10.500
316.600,165.430,7.200,10.500
316.700,165.950,7.200,10.500
316.800,166.470,7.200,10.500
316.900,166.990,7.200,10.500
317.010,167.510,7.200,10.500
317.110,168.020,7.200,10.500
317.210,168.540,7.200,10.500
317.310,169.060,7.200,10.500
317.420,169.580,7.200,10.500
317.520,170.100,7.200,10.500
317.620,170.620,7.200,10.500
317.730,171.140,7.200,10.500
317.830,171.650,7.200,10.500
317.930,172.170,7.200,10.500
318.030,172.690,7.200,10.500
318.140,173.210,7.200,10.500
318.240,173.730,7.200,10.500
318.340,174.250,7.200,10.500
318.450,174.770,7.190,10.500
318.550,175.290,7.200,10.500
318.650,175.800,7.200,10.500
318.750,176.320,7.200,10.500
318.860,176.840,7.200,10.500
318.950,177.270,7.200,10.500
319.040,177.700,7.200,10.500
319.130,178.130,7.200,10.500
319.230,178.560,7.200,10.500
319.320,178.990,7.200,10.500
319.410,179.420,7.200,10.500
319.510,179.850,7.200,10.500
319.600,180.280,7.200,10.500
319.690,180.720,7.200,10.500
319.790,181.150,7.200,10.500
319.880,181.580,7.200,10.500
319.970,182.010,7.200,10.500
320.060,182.440,7.200,10.500
320.160,182.870,7.200,10.500
320.250,183.300,7.200,10.500
320.340,183.730,7.200,10.500
320.440,184.160,7.200,10.500
320.530,184.590,7.200,10.500
320.620,185.020,7.200,10.500
320.710,185.450,7.200,10.500
320.810,185.880,7.200,10.500
320.900,186.310,7.200,10.500
320.990,186.740,7.200,10.500
321.090,187.170,7.200,10.500
321.180,187.600,7.200,10.500
321.270,188.030,7.200,10.500
321.370,188.460,7.200,10.500
321.460,188.890,7.200,10.500
321.550,189.330,7.200,10.500
321.640,189.760,7.200,10.500
321.760,190.170,7.040,10.500
321.880,190.580,6.880,10.500
322.000,191.000,6.720,10.500
322.120,191.410,6.560,10.500
322.240,191.820,6.400,10.500
322.360,192.230,6.240,10.510
322.480,192.650,6.080,10.500
322.600,193.060,5.920,10.500
322.720,193.470,5.760,10.520
322.840,193.890,5.680,10.610
322.960,194.300,5.640,10.700
323.000,194.660,5.640,10.630
323.040,195.020,5.640,10.550
323.080,195.380,5.640,10.480
323.120,195.740,5.640,10.400
323.160,196.110,5.630,10.320
323.200,196.470,5.630,10.240
323.250,196.830,5.620,10.170
323.290,197.190,5.620,10.090
323.330,197.550,5.620,10.020
323.370,197.910,5.620,9.940
323.410,198.270,5.620,9.870
323.450,198.630,5.620,9.790
323.490,198.990,5.620,9.720
323.530,199.350,5.610,9.650
323.570,199.630,5.610,9.650
323.610,199.920,5.610,9.650
323.650,200.200,5.610,9.650
323.690,200.490,5.610,9.650
323.740,200.750,5.560,9.610
323.780,201.000,5.520,9.580
323.820,201.260,5.480,9.540
323.860,201.510,5.440,9.510
323.900,201.770,5.400,9.470
323.940,202.020,5.360,9.440
323.980,202.280,5.320,9.400
324.020,202.530,5.280,9.380
324.060,202.780,5.240,9.350
324.110,203.000,5.190,9.350
324.110,203.220,5.190,9.350
324.090,203.440,5.210,9.350
324.070,203.660,5.230,9.350
324.050,203.880,5.250,9.350
324.030,204.100,5.270,9.350
324.010,204.320,5.290,9.350
323.990,204.540,5.310,9.350
323.980,204.760,5.320,9.360
323.960,204.980,5.340,9.360
323.940,205.200,5.360,9.360
323.920,205.420,5.380,9.360
323.900,205.640,5.400,9.360
323.780,205.880,5.570,9.360
323.650,206.110,5.740,9.370
323.530,206.350,5.910,9.370
323.410,206.470,6.070,9.480
323.280,206.560,6.250,9.630
323.160,206.650,6.420,9.780
323.040,206.750,6.580,9.920
322.920,206.840,6.750,10.070
322.790,206.930,6.930,10.220
322.670,207.020,7.090,10.360
322.550,207.120,7.260,10.500
322.420,207.210,7.430,10.650
322.300,207.300,7.600,10.800
322.160,207.470,7.730,10.740
322.020,207.640,7.870,10.670
321.880,207.820,8.000,10.600
321.740,207.990,8.140,10.530
321.610,208.160,8.260,10.470
321.470,208.330,8.400,10.400
321.330,208.510,8.530,10.330
321.190,208.680,8.670,10.260
321.050,208.850,8.800,10.200
320.910,209.020,8.930,10.140
320.770,209.190,9.070,10.070
320.630,209.370,9.200,10.000
320.490,209.540,9.340,9.930
320.360,209.710,9.460,9.870
320.220,209.880,9.600,9.800
320.080,210.060,9.730,9.730
319.940,210.230,9.870,9.660
319.800,210.400,10.000,9.600
319.680,210.480,10.100,9.610
319.560,210.550,10.200,9.630
319.440,210.630,10.300,9.650
319.320,210.700,10.400,9.670
319.200,210.780,10.500,9.680
319.080,210.850,10.600,9.700
318.950,210.930,10.700,9.710
318.830,211.000,10.800,9.730
318.710,211.080,10.900,9.750
318.590,211.150,11.000,9.770
318.470,211.230,11.100,9.780
318.350,211.300,11.200,9.800
318.230,211.380,11.300,9.810
318.110,211.450,11.400,9.830
317.990,211.530,11.500,9.850
317.870,211.600,11.600,9.870
317.750,211.680,11.700,9.880
317.630,211.750,11.800,9.900
317.500,211.830,11.900,9.910
317.380,211.900,12.000,9.930
317.260,211.980,12.100,9.950
317.140,212.050,12.200,9.970
317.020,212.130,12.300,9.980
316.900,212.200,12.400,10.000
316.800,212.300,12.360,9.910
316.690,212.390,12.330,9.840
316.590,212.490,12.290,9.750
316.480,212.580,12.260,9.670
316.380,212.680,12.220,9.590
316.270,212.770,12.180,9.510
316.170,212.870,12.140,9.430
316.060,212.960,12.110,9.350
315.960,213.060,12.070,9.260
315.850,213.150,12.040,9.190
315.750,213.250,12.000,9.100
315.650,213.350,11.960,9.010
315.540,213.440,11.930,8.940
315.440,213.540,11.890,8.850
315.330,213.630,11.860,8.770
315.230,213.730,11.820,8.690
315.120,213.820,11.780,8.610
315.020,213.920,11.740,8.530
314.910,214.010,11.710,8.450
314.810,214.110,11.670,8.360
314.700,214.200,11.640,8.290
314.600,214.300,11.600,8.200
314.440,214.380,11.590,8.110
314.290,214.450,11.570,8.030
314.130,214.530,11.570,7.940
313.980,214.610,11.550,7.850
313.820,214.680,11.540,7.780
313.660,214.760,11.530,7.690
313.510,214.840,11.520,7.600
313.350,214.910,11.510,7.520
313.200,214.990,11.490,7.430
313.040,215.060,11.480,7.350
312.890,215.140,11.470,7.260
312.730,215.220,11.460,7.170
312.570,215.290,11.450,7.100
312.420,215.370,11.430,7.010
312.260,215.450,11.430,6.920
312.110,215.520,11.410,6.840
311.950,215.600,11.400,6.750
311.790,215.680,11.390,6.660
311.640,215.750,11.370,6.580
311.480,215.830,11.370,6.490
311.330,215.910,11.350,6.400
311.170,215.980,11.340,6.330
311.010,216.060,11.330,6.240
310.860,216.140,11.320,6.150
310.700,216.210,11.310,6.070
310.550,216.290,11.290,5.980
310.390,216.360,11.280,5.900
310.240,216.440,11.270,5.810
310.080,216.520,11.260,5.720
309.920,216.590,11.250,5.650
309.770,216.670,11.240,5.560
309.610,216.750,11.260,5.470
309.460,216.820,11.280,5.390
309.300,216.900,11.300,5.300
309.070,216.930,11.300,5.300
308.850,216.970,11.300,5.300
308.620,217.000,11.300,5.300
308.390,217.030,11.300,5.300
308.160,217.070,11.300,5.300
307.940,217.100,11.300,5.300
307.710,217.130,11.300,5.300
307.480,217.170,11.300,5.300
307.250,217.200,11.300,5.300
307.030,217.230,11.300,5.300
306.800,217.260,11.300,5.300
306.570,217.300,11.300,5.300
306.350,217.330,11.300,5.300
306.120,217.360,11.300,5.300
305.890,217.400,11.300,5.300
305.660,217.430,11.300,5.300
305.440,217.460,11.300,5.300
305.210,217.500,11.300,5.300
304.980,217.530,11.300,5.300
304.750,217.560,11.300,5.300
304.530,217.600,11.300,5.300
304.300,217.630,11.300,5.300
304.070,217.660,11.300,5.300
303.850,217.700,11.300,5.300
303.620,217.730,11.300,5.300
303.390,217.760,11.300,5.300
303.160,217.790,11.300,5.300
302.940,217.830,11.300,5.300
302.710,217.860,11.300,5.300
302.480,217.890,11.300,5.300
302.260,217.930,11.300,5.300
301.970,217.950,11.300,5.300
301.690,217.970,11.300,5.300
301.400,217.990,11.300,5.300
301.120,218.010,11.300,5.300
300.840,218.030,11.300,5.300
300.550,218.040,11.300,5.300
300.270,218.060,11.300,5.300
299.990,218.080,11.300,5.300
299.700,218.100,11.300,5.300
299.420,218.120,11.300,5.300
299.130,218.140,11.300,5.300
298.850,218.160,11.300,5.300
298.570,218.180,11.300,5.300
298.280,218.200,11.300,5.300
298.000,218.220,11.300,5.300
297.720,218.240,11.300,5.300
297.430,218.260,11.300,5.300
297.150,218.280,11.300,5.300
296.860,218.300,11.300,5.300
296.580,218.320,11.300,5.300
296.300,218.340,11.300,5.300
296.010,218.360,11.300,5.300
295.730,218.380,11.300,5.300
295.450,218.400,11.300,5.300
295.160,218.420,11.300,5.300
294.880,218.440,11.300,5.300
294.590,218.460,11.300,5.300
294.310,218.480,11.300,5.300
294.030,218.490,11.300,5.300
293.740,218.510,11.300,5.300
293.450,218.530,11.300,5.300
293.170,218.550,11.300,5.300
292.880,218.570,11.300,5.300
292.590,218.590,11.300,5.300
292.300,218.610,11.300,5.300
292.010,218.630,11.300,5.300
291.720,218.650,11.300,5.300
291.430,218.670,11.300,5.300
291.150,218.690,11.300,5.300
290.860,218.710,11.300,5.300
290.570,218.730,11.300,5.300
290.280,218.750,11.300,5.300
289.990,218.770,11.300,5.300
289.700,218.790,11.300,5.300
289.410,218.810,11.300,5.300
289.130,218.830,11.300,5.300
288.840,218.850,11.300,5.300
288.550,218.870,11.300,5.300
288.260,218.890,11.300,5.300
287.970,218.910,11.300,5.300
287.680,218.930,11.300,5.300
287.390,218.940,11.300,5.300
287.100,218.960,11.300,5.300
286.820,218.980,11.300,5.300
286.530,219.000,11.300,5.300
286.240,219.020,11.300,5.300
285.950,219.040,11.300,5.300
285.660,219.060,11.300,5.300
285.370,219.080,11.300,5.300
285.080,219.100,11.300,5.300
284.760,219.130,11.300,5.300
284.440,219.150,11.300,5.300
284.120,219.170,11.300,5.300
283.790,219.200,11.300,5.300
283.470,219.220,11.300,5.300
283.150,219.250,11.300,5.300
282.820,219.270,11.300,5.300
282.500,219.300,11.300,5.300
282.180,219.320,11.300,5.300
281.860,219.350,11.300,5.300
281.530,219.370,11.300,5.300
281.210,219.390,11.300,5.300
280.890,219.420,11.300,5.300
280.560,219.440,11.300,5.300
280.240,219.470,11.300,5.300
279.920,219.490,11.300,5.300
279.600,219.520,11.300,5.300
279.270,219.540,11.300,5.300
278.950,219.570,11.300,5.300
278.630,219.590,11.300,5.300
278.300,219.610,11.300,5.300
277.980,219.640,11.300,5.300
277.660,219.660,11.300,5.300
277.340,219.690,11.300,5.300
277.010,219.710,11.300,5.300
276.690,219.740,11.300,5.300
276.370,219.760,11.300,5.300
276.040,219.790,11.300,5.300
275.720,219.810,11.300,5.300
275.400,219.830,11.300,5.300
275.090,219.860,11.300,5.300
274.770,219.890,11.300,5.300
274.460,219.920,11.300,5.300
274.150,219.950,11.300,5.300
273.830,219.980,11.300,5.300
273.520,220.010,11.300,5.300
273.210,220.040,11.300,5.300
272.890,220.070,11.300,5.300
272.580,220.100,11.300,5.300
272.270,220.130,11.300,5.300
271.950,220.160,11.300,5.300
271.640,220.190,11.300,5.300
271.330,220.220,11.300,5.300
271.010,220.250,11.300,5.300
270.700,220.280,11.300,5.300
270.390,220.300,11.300,5.300
270.080,220.330,11.300,5.300
269.760,220.360,11.300,5.300
269.450,220.390,11.300,5.300
269.140,220.420,11.300,5.300
268.820,220.450,11.300,5.300
268.510,220.480,11.300,5.300
268.200,220.510,11.300,5.300
267.880,220.540,11.300,5.300
267.570,220.570,11.300,5.300
267.260,220.600,11.300,5.300
266.940,220.630,11.300,5.300
266.630,220.660,11.300,5.300
266.320,220.690,11.300,5.300
266.010,220.720,11.300,5.300
265.640,220.760,11.300,5.300
265.280,220.810,11.300,5.300
264.920,220.860,11.300,5.300
264.560,220.910,11.300,5.300
264.190,220.960,11.300,5.300
263.830,221.010,11.300,5.300
263.470,221.060,11.300,5.300
263.110,221.110,11.300,5.300
262.750,221.160,11.300,5.300
262.380,221.200,11.300,5.300
262.020,221.250,11.300,5.300
261.660,221.300,11.300,5.300
261.300,221.350,11.300,5.300
260.940,221.400,11.300,5.300
260.570,221.450,11.300,5.300
260.210,221.500,11.300,5.300
259.850,221.550,11.300,5.300
259.490,221.600,11.300,5.300
259.130,221.650,11.300,5.300
258.760,221.690,11.300,5.300
258.400,221.740,11.300,5.300
258.040,221.790,11.300,5.300
257.680,221.840,11.300,5.300
257.320,221.890,11.300,5.300
256.950,221.940,11.300,5.300
256.590,221.990,11.300,5.300
256.230,222.040,11.300,5.300
255.870,222.090,11.300,5.300
255.510,222.130,11.300,5.300
255.140,222.180,11.300,5.300
254.800,222.260,11.300,5.300
254.460,222.330,11.300,5.300
254.120,222.400,11.300,5.300
253.770,222.480,11.300,5.300
253.430,222.550,11.300,5.300
253.090,222.620,11.300,5.300
252.750,222.700,11.300,5.300
252.400,222.770,11.300,5.300
252.060,222.840,11.300,5.300
251.720,222.920,11.300,5.300
251.380,222.990,11.300,5.300
251.030,223.060,11.300,5.300
250.690,223.140,11.300,5.300
250.350,223.210,11.300,5.300
250.010,223.280,11.300,5.300
249.660,223.360,11.300,5.300
249.320,223.430,11.300,5.300
248.980,223.500,11.300,5.300
248.640,223.580,11.300,5.300
248.290,223.650,11.300,5.300
247.950,223.720,11.300,5.300
247.610,223.800,11.300,5.300
247.270,223.870,11.300,5.300
246.930,223.940,11.300,5.300
246.580,224.020,11.300,5.300
246.240,224.090,11.300,5.300
245.900,224.170,11.300,5.300
245.560,224.240,11.300,5.300
245.210,224.310,11.300,5.300
244.870,224.390,11.300,5.300
244.530,224.470,11.300,5.300
244.200,224.560,11.300,5.300
243.860,224.650,11.300,5.300
243.520,224.740,11.300,5.300
243.180,224.830,11.300,5.300
242.840,224.910,11.300,5.300
242.510,225.000,11.300,5.300
242.170,225.090,11.300,5.300
241.830,225.180,11.300,5.300
241.490,225.270,11.300,5.300
241.160,225.350,11.300,5.300
240.820,225.440,11.300,5.300
240.480,225.530,11.300,5.300
240.140,225.620,11.300,5.300
239.810,225.710,11.300,5.300
239.470,225.790,11.300,5.300
239.130,225.880,11.300,5.300
238.790,225.970,11.300,5.300
238.460,226.060,11.300,5.300
238.120,226.150,11.300,5.300
237.780,226.240,11.300,5.300
237.440,226.320,11.300,5.300
237.110,226.410,11.300,5.300
236.770,226.500,11.300,5.300
236.430,226.590,11.300,5.300
236.090,226.680,11.300,5.300
235.760,226.760,11.300,5.300
235.420,226.850,11.300,5.300
235.080,226.940,11.300,5.300
234.740,227.030,11.300,5.300
234.390,227.090,11.300,5.300
234.030,227.160,11.300,5.300
233.670,227.220,11.300,5.300
233.310,227.280,11.300,5.300
232.960,227.350,11.300,5.300
232.600,227.410,11.300,5.300
232.240,227.470,11.300,5.300
231.890,227.540,11.300,5.300
231.530,227.600,11.300,5.300
231.170,227.660,11.300,5.300
230.810,227.730,11.300,5.300
230.460,227.790,11.300,5.300
230.100,227.850,11.300,5.300
229.740,227.920,11.300,5.300
229.390,227.980,11.300,5.300
229.030,228.050,11.300,5.300
228.670,228.110,11.300,5.300
228.320,228.170,11.300,5.300
227.960,228.240,11.300,5.300
227.600,228.300,11.300,5.300
227.240,228.360,11.300,5.300
226.890,228.430,11.300,5.300
226.530,228.490,11.300,5.300
226.170,228.550,11.300,5.300
225.820,228.620,11.300,5.300
225.460,228.680,11.300,5.300
225.100,228.750,11.300,5.300
224.740,228.810,11.300,5.300
224.390,228.870,11.300,5.300
224.030,228.940,11.300,5.300
223.660,229.000,11.300,5.300
223.300,229.070,11.300,5.300
222.930,229.140,11.300,5.300
222.560,229.210,11.300,5.300
222.190,229.280,11.300,5.300
221.830,229.350,11.300,5.300
221.460,229.420,11.300,5.300
221.090,229.480,11.300,5.300
220.730,229.550,11.300,5.300
220.360,229.620,11.300,5.300
219.990,229.690,11.300,5.300
219.630,229.760,11.300,5.300
219.260,229.830,11.300,5.300
218.890,229.890,11.300,5.300
218.530,229.960,11.300,5.300
218.160,230.030,11.300,5.300
217.790,230.100,11.300,5.300
217.420,230.170,11.300,5.300
217.060,230.240,11.300,5.300
216.690,230.310,11.300,5.300
216.320,230.370,11.300,5.300
215.960,230.440,11.300,5.300
215.590,230.510,11.300,5.300
215.220,230.580,11.300,5.300
214.860,230.650,11.300,5.300
214.490,230.720,11.300,5.300
214.120,230.780,11.300,5.300
213.760,230.850,11.300,5.300
213.390,230.920,11.300,5.300
213.020,230.990,11.300,5.300
212.660,231.070,11.300,5.300
212.310,231.160,11.300,5.300
211.950,231.240,11.300,5.300
211.590,231.320,11.300,5.300
211.240,231.410,11.300,5.300
210.880,231.490,11.300,5.300
210.520,231.570,11.300,5.300
210.160,231.660,11.300,5.300
209.810,231.740,11.300,5.300
209.450,231.820,11.300,5.300
209.090,231.900,11.300,5.300
208.740,231.990,11.300,5.300
208.380,232.070,11.300,5.300
208.020,232.150,11.300,5.300
207.660,232.240,11.300,5.300
207.310,232.320,11.300,5.300
206.950,232.400,11.300,5.300
206.590,232.490,11.300,5.300
206.240,232.570,11.300,5.300
205.880,232.650,11.300,5.300
205.520,232.740,11.300,5.300
205.160,232.820,11.300,5.300
204.810,232.900,11.300,5.300
204.450,232.990,11.300,5.300
204.090,233.070,11.300,5.300
203.740,233.150,11.300,5.300
203.380,233.240,11.300,5.300
203.020,233.320,11.300,5.300
202.660,233.400,11.300,5.300
202.310,233.480,11.300,5.300
201.940,233.550,11.300,5.300
201.580,233.610,11.300,5.300
201.220,233.680,11.300,5.300
200.860,233.740,11.300,5.300
200.500,233.800,11.300,5.300
200.130,233.870,11.300,5.300
199.770,233.930,11.300,5.300
199.410,233.990,11.300,5.300
199.050,234.060,11.300,5.300
198.690,234.120,11.300,5.300
198.320,234.180,11.300,5.300
197.960,234.250,11.300,5.300
197.600,234.310,11.300,5.300
197.240,234.380,11.300,5.300
196.880,234.440,11.300,5.300
196.510,234.500,11.300,5.300
196.150,234.570,11.300,5.300
195.790,234.630,11.300,5.300
195.430,234.690,11.300,5.300
195.070,234.760,11.300,5.300
194.700,234.820,11.300,5.300
194.340,234.880,11.300,5.300
193.980,234.950,11.300,5.300
193.620,235.010,11.300,5.300
193.260,235.080,11.300,5.300
192.890,235.140,11.300,5.300
192.530,235.200,11.300,5.300
192.170,235.270,11.300,5.300
191.810,235.330,11.300,5.300
191.450,235.390,11.300,5.300
191.080,235.460,11.300,5.300
190.710,235.520,11.300,5.300
190.340,235.580,11.300,5.300
189.980,235.650,11.300,5.300
189.610,235.710,11.300,5.300
189.240,235.770,11.300,5.300
188.880,235.840,11.300,5.300
188.510,235.900,11.300,5.300
188.140,235.970,11.300,5.300
187.780,236.030,11.300,5.300
187.410,236.090,11.300,5.300
187.040,236.160,11.300,5.300
186.680,236.220,11.300,5.300
186.310,236.280,11.300,5.300
185.940,236.350,11.300,5.300
185.580,236.410,11.300,5.300
185.210,236.470,11.300,5.300
184.840,236.540,11.300,5.300
184.470,236.600,11.300,5.300
184.110,236.670,11.300,5.300
183.740,236.730,11.300,5.300
183.370,236.790,11.300,5.300
183.010,236.860,11.300,5.300
182.640,236.920,11.300,5.300
182.270,236.980,11.300,5.300
181.910,237.050,11.300,5.300
181.540,237.110,11.300,5.300
181.170,237.170,11.300,5.300
180.810,237.240,11.300,5.300
180.440,237.300,11.300,5.300
180.090,237.330,11.300,5.300
179.730,237.360,11.300,5.300
179.380,237.390,11.300,5.300
179.020,237.420,11.310,5.300
178.670,237.450,11.310,5.300
178.320,237.480,11.310,5.300
177.960,237.510,11.310,5.300
177.610,237.540,11.310,5.300
177.260,237.570,11.310,5.300
176.900,237.590,11.320,5.300
176.550,237.620,11.310,5.300
176.200,237.650,11.310,5.300
175.840,237.680,11.320,5.300
175.490,237.710,11.320,5.300
175.140,237.740,11.310,5.300
174.780,237.770,11.320,5.300
174.430,237.800,11.320,5.300
174.080,237.830,11.320,5.300
173.720,237.860,11.330,5.300
173.370,237.890,11.320,5.300
173.010,237.920,11.330,5.300
172.660,237.950,11.330,5.300
172.310,237.980,11.330,5.300
171.950,238.010,11.330,5.300
171.600,238.040,11.330,5.300
171.250,238.060,11.330,5.300
170.890,238.090,11.340,5.300
170.540,238.120,11.340,5.300
170.190,238.150,11.330,5.300
169.830,238.180,11.340,5.300
169.490,238.240,11.340,5.300
169.150,238.300,11.340,5.300
168.810,238.360,11.330,5.300
168.460,238.420,11.340,5.300
168.120,238.480,11.340,5.300
167.780,238.530,11.340,5.300
167.440,238.590,11.330,5.300
167.090,238.650,11.340,5.300
166.750,238.710,11.340,5.300
166.410,238.770,11.340,5.300
166.070,238.830,11.330,5.300
165.720,238.890,11.340,5.300
165.380,238.950,11.340,5.300
165.040,239.000,11.340,5.300
164.700,239.060,11.330,5.300
164.350,239.120,11.340,5.300
164.010,239.180,11.340,5.300
163.670,239.240,11.340,5.300
163.330,239.300,11.330,5.300
162.980,239.360,11.340,5.300
162.640,239.410,11.340,5.300
162.300,239.470,11.340,5.300
161.960,239.530,11.330,5.300
161.610,239.590,11.340,5.300
161.270,239.650,11.340,5.300
160.930,239.710,11.340,5.300
160.590,239.770,11.340,5.300
160.240,239.830,11.340,5.300
159.900,239.880,11.340,5.300
159.560,239.940,11.340,5.300
159.250,239.970,11.340,5.300
158.940,239.990,11.340,5.300
158.630,240.020,11.340,5.300
158.330,240.040,11.340,5.300
158.020,240.070,11.340,5.300
157.710,240.090,11.340,5.300
157.400,240.110,11.340,5.300
157.090,240.140,11.340,5.300
156.790,240.160,11.330,5.300
156.480,240.190,11.340,5.300
156.170,240.210,11.340,5.300
155.860,240.240,11.340,5.300
155.550,240.260,11.340,5.300
155.240,240.290,11.340,5.300
154.940,240.310,11.330,5.300
154.630,240.330,11.340,5.300
154.320,240.360,11.340,5.300
154.010,240.380,11.340,5.300
153.700,240.410,11.340,5.300
153.400,240.430,11.330,5.300
153.090,240.460,11.340,5.300
152.780,240.480,11.340,5.300
152.470,240.510,11.340,5.300
152.160,240.530,11.340,5.300
151.850,240.550,11.340,5.300
151.550,240.580,11.330,5.300
151.240,240.600,11.340,5.300
150.930,240.630,11.340,5.300
150.620,240.650,11.340,5.300
150.310,240.680,11.340,5.300
150.010,240.700,11.280,5.370
149.710,240.720,11.250,5.440
149.410,240.750,11.250,5.490
149.110,240.770,11.250,5.560
148.810,240.800,11.250,5.620
148.510,240.820,11.250,5.690
148.210,240.840,11.250,5.760
147.910,240.870,11.260,5.820
147.610,240.890,11.260,5.890
147.310,240.920,11.260,5.950
147.010,240.940,11.260,6.020
146.710,240.960,11.260,6.090
146.410,240.990,11.270,6.150
146.110,241.010,11.270,6.220
145.810,241.040,11.270,6.280
145.510,241.060,11.270,6.350
145.200,241.080,11.280,6.420
144.900,241.110,11.290,6.480
144.600,241.130,11.290,6.540
144.300,241.160,11.290,6.600
144.000,241.180,11.290,6.670
143.700,241.200,11.290,6.740
143.400,241.230,11.290,6.800
143.100,241.250,11.300,6.870
142.800,241.280,11.300,6.930
