156.400,271.400,5.600,4.500
157.006,271.100,5.598,4.502
157.611,270.800,5.595,4.504
158.217,270.500,5.593,4.506
158.823,270.200,5.591,4.508
159.429,269.900,5.588,4.510
160.034,269.600,5.586,4.512
160.640,269.300,5.584,4.514
161.246,268.999,5.581,4.517
161.852,268.699,5.579,4.519
162.457,268.399,5.577,4.521
163.063,268.099,5.575,4.523
163.669,267.799,5.572,4.525
164.275,267.499,5.570,4.527
164.880,267.199,5.568,4.529
165.486,266.899,5.565,4.531
166.092,266.599,5.563,4.533
166.698,266.299,5.561,4.535
167.303,265.999,5.558,4.537
167.909,265.699,5.556,4.539
168.515,265.399,5.554,4.541
169.121,265.099,5.551,4.543
169.726,264.799,5.549,4.545
170.332,264.498,5.547,4.548
170.938,264.198,5.544,4.550
171.544,263.898,5.542,4.552
172.149,263.598,5.540,4.554
172.755,263.298,5.538,4.556
173.361,262.998,5.535,4.558
173.967,262.698,5.533,4.560
174.572,262.398,5.531,4.562
175.178,262.098,5.528,4.564
175.784,261.798,5.526,4.566
176.390,261.498,5.524,4.568
176.995,261.198,5.521,4.570
177.601,260.898,5.519,4.572
178.230,260.575,5.519,4.572
178.859,260.252,5.519,4.572
179.488,259.930,5.519,4.572
180.117,259.607,5.519,4.572
180.746,259.285,5.519,4.572
181.375,258.962,5.519,4.572
182.004,258.640,5.519,4.572
182.633,258.317,5.519,4.572
183.262,257.994,5.519,4.572
183.891,257.672,5.519,4.572
184.520,257.349,5.519,4.572
185.149,257.027,5.519,4.572
185.778,256.704,5.519,4.572
186.407,256.381,5.519,4.572
187.037,256.059,5.519,4.572
187.666,255.736,5.519,4.572
188.295,255.414,5.519,4.572
188.924,255.091,5.519,4.572
189.553,254.769,5.519,4.572
190.182,254.446,5.519,4.572
190.811,254.123,5.519,4.572
191.440,253.801,5.519,4.572
192.069,253.478,5.519,4.572
192.698,253.156,5.519,4.572
193.327,252.833,5.519,4.572
193.956,252.511,5.519,4.572
194.585,252.188,5.519,4.572
195.214,251.865,5.519,4.572
195.843,251.543,5.519,4.572
196.472,251.220,5.519,4.572
197.101,250.898,5.519,4.572
197.743,250.585,5.519,4.572
198.384,250.273,5.519,4.572
199.048,249.945,5.504,4.553
199.711,249.617,5.490,4.534
200.374,249.289,5.475,4.515
201.038,248.961,5.460,4.495
201.701,248.634,5.445,4.476
202.364,248.306,5.431,4.457
203.027,247.978,5.416,4.438
203.691,247.650,5.401,4.419
204.354,247.323,5.386,4.399
205.017,246.995,5.372,4.380
205.681,246.667,5.357,4.361
206.344,246.339,5.342,4.342
207.007,246.011,5.328,4.323
207.671,245.684,5.313,4.303
208.334,245.356,5.298,4.284
208.997,245.028,5.283,4.265
209.661,244.700,5.269,4.246
210.324,244.372,5.254,4.227
210.987,244.045,5.239,4.207
211.650,243.717,5.224,4.188
212.314,243.389,5.210,4.169
212.977,243.061,5.195,4.150
213.640,242.733,5.180,4.131
214.304,242.406,5.165,4.111
214.967,242.078,5.151,4.092
215.630,241.750,5.136,4.073
216.294,241.422,5.121,4.054
216.957,241.095,5.107,4.034
217.620,240.767,5.092,4.015
218.283,240.439,5.077,3.996
218.947,240.111,5.062,3.977
219.610,239.783,5.048,3.958
220.273,239.456,5.033,3.938
220.937,239.128,5.018,3.919
221.600,238.800,5.003,3.900
222.267,238.500,5.007,3.904
222.933,238.200,5.011,3.907
223.600,237.900,5.015,3.911
224.267,237.600,5.018,3.915
224.933,237.300,5.022,3.919
225.600,237.000,5.026,3.922
226.267,236.700,5.029,3.926
226.933,236.400,5.033,3.930
227.600,236.100,5.037,3.933
228.267,235.800,5.040,3.937
228.933,235.500,5.044,3.941
229.600,235.200,5.048,3.944
230.267,234.900,5.052,3.948
230.933,234.600,5.055,3.952
231.600,234.300,5.059,3.956
232.267,234.000,5.063,3.959
232.933,233.700,5.066,3.963
233.600,233.400,5.070,3.967
234.267,233.100,5.074,3.970
234.933,232.800,5.077,3.974
235.600,232.500,5.081,3.978
236.267,232.200,5.085,3.981
236.933,231.900,5.089,3.985
237.600,231.600,5.092,3.989
238.267,231.300,5.096,3.993
238.933,231.000,5.100,3.996
239.600,230.700,5.103,4.000
240.311,230.348,5.103,4.000
241.022,229.996,5.103,4.000
241.733,229.644,5.103,4.000
242.444,229.293,5.103,4.000
243.156,228.941,5.103,4.000
243.867,228.589,5.103,4.000
244.578,228.237,5.103,4.000
245.289,227.885,5.103,4.000
246.000,227.533,5.103,4.000
246.711,227.181,5.103,4.000
247.422,226.830,5.103,4.000
248.133,226.478,5.103,4.000
248.844,226.126,5.103,4.000
249.556,225.774,5.103,4.000
250.267,225.422,5.103,4.000
250.978,225.070,5.103,4.000
251.689,224.719,5.103,4.000
252.400,224.367,5.103,4.000
253.111,224.015,5.103,4.000
253.822,223.663,5.103,4.000
254.533,223.311,5.103,4.000
255.244,222.959,5.103,4.000
255.956,222.607,5.103,4.000
256.667,222.256,5.103,4.000
257.378,221.904,5.103,4.000
258.089,221.552,5.103,4.000
258.800,221.200,5.103,4.000
259.508,220.878,5.103,4.000
260.217,220.556,5.103,4.000
260.925,220.233,5.103,4.000
261.633,219.911,5.103,4.000
262.342,219.589,5.103,4.000
263.050,219.267,5.103,4.000
263.758,218.944,5.103,4.000
264.467,218.622,5.103,4.000
265.175,218.300,5.103,4.000
265.883,217.978,5.103,4.000
266.592,217.656,5.103,4.000
267.300,217.333,5.103,4.000
268.008,217.011,5.103,4.000
268.717,216.689,5.103,4.000
269.425,216.367,5.103,4.000
270.133,216.044,5.103,4.000
270.842,215.722,5.103,4.000
271.550,215.400,5.103,4.000
272.258,215.078,5.103,4.000
272.967,214.756,5.103,4.000
273.675,214.433,5.103,4.000
274.383,214.111,5.103,4.000
275.092,213.789,5.103,4.000
275.800,213.467,5.103,4.000
276.508,213.144,5.103,4.000
277.217,212.822,5.103,4.000
277.925,212.500,5.103,4.000
278.633,212.178,5.103,4.000
279.342,211.856,5.103,4.000
280.050,211.533,5.103,4.000
280.758,211.211,5.103,4.000
281.467,210.889,5.103,4.000
282.175,210.567,5.103,4.000
282.883,210.244,5.103,4.000
283.592,209.922,5.103,4.000
284.300,209.600,5.103,4.000
285.018,209.315,5.103,4.000
285.735,209.029,5.103,4.000
286.453,208.744,5.103,4.000
287.171,208.459,5.103,4.000
287.888,208.174,5.103,4.000
288.606,207.888,5.103,4.000
289.324,207.603,5.103,4.000
290.041,207.318,5.103,4.000
290.759,207.032,5.103,4.000
291.476,206.747,5.103,4.000
292.194,206.462,5.103,4.000
292.912,206.176,5.103,4.000
293.629,205.891,5.103,4.000
294.347,205.606,5.103,4.000
295.065,205.321,5.103,4.000
295.782,205.035,5.103,4.000
296.500,204.750,5.103,4.000
297.218,204.465,5.103,4.000
297.935,204.179,5.103,4.000
298.653,203.894,5.103,4.000
299.371,203.609,5.103,4.000
300.088,203.324,5.103,4.000
300.806,203.038,5.103,4.000
301.524,202.753,5.103,4.000
302.241,202.468,5.103,4.000
302.959,202.182,5.103,4.000
303.676,201.897,5.103,4.000
304.394,201.612,5.103,4.000
305.112,201.326,5.103,4.000
305.829,201.041,5.103,4.000
306.547,200.756,5.103,4.000
307.265,200.471,5.103,4.000
307.982,200.185,5.103,4.000
308.701,199.894,5.103,4.000
309.419,199.603,5.103,4.000
310.137,199.313,5.103,4.000
310.855,199.022,5.103,4.000
311.573,198.731,5.103,4.000
312.291,198.440,5.103,4.000
313.010,198.149,5.103,4.000
313.728,197.858,5.103,4.000
314.446,197.567,5.103,4.000
315.164,197.276,5.103,4.000
315.882,196.985,5.103,4.000
316.601,196.694,5.103,4.000
317.319,196.403,5.103,4.000
318.037,196.113,5.103,4.000
318.755,195.822,5.103,4.000
319.473,195.531,5.103,4.000
320.191,195.240,5.103,4.000
320.910,194.949,5.103,4.000
321.628,194.658,5.103,4.000
322.346,194.367,5.103,4.000
323.064,194.076,5.103,4.000
323.782,193.785,5.103,4.000
324.501,193.494,5.103,4.000
325.219,193.203,5.103,4.000
325.937,192.913,5.103,4.000
326.655,192.622,5.103,4.000
327.373,192.331,5.103,4.000
328.091,192.040,5.103,4.000
328.810,191.749,5.103,4.000
329.528,191.458,5.103,4.000
330.246,191.167,5.103,4.000
330.964,190.876,5.103,4.000
331.682,190.585,5.103,4.000
332.368,190.321,5.103,4.000
333.054,190.057,5.103,4.000
333.739,189.792,5.103,4.000
334.425,189.528,5.103,4.000
335.111,189.264,5.103,4.000
335.797,189.000,5.103,4.000
336.482,188.735,5.103,4.000
337.168,188.471,5.103,4.000
337.854,188.207,5.103,4.000
338.539,187.942,5.103,4.000
339.225,187.678,5.103,4.000
339.911,187.414,5.103,4.000
340.597,187.150,5.103,4.000
341.282,186.885,5.103,4.000
341.968,186.621,5.103,4.000
342.654,186.357,5.103,4.000
343.339,186.092,5.103,4.000
344.025,185.828,5.103,4.000
344.711,185.564,5.103,4.000
345.397,185.300,5.103,4.000
346.082,185.035,5.103,4.000
346.768,184.771,5.103,4.000
347.454,184.507,5.103,4.000
348.139,184.242,5.103,4.000
348.825,183.978,5.103,4.000
349.511,183.714,5.103,4.000
350.197,183.450,5.103,4.000
350.882,183.185,5.103,4.000
351.576,182.972,5.093,3.990
352.270,182.758,5.082,3.980
352.963,182.544,5.072,3.970
353.657,182.330,5.062,3.961
354.351,182.116,5.051,3.951
355.045,181.903,5.041,3.941
355.738,181.689,5.030,3.931
356.432,181.475,5.020,3.921
357.126,181.261,5.009,3.911
357.819,181.047,4.999,3.902
358.513,180.834,4.988,3.892
359.207,180.620,4.978,3.882
359.901,180.406,4.967,3.872
360.594,180.192,4.957,3.862
361.288,179.978,4.946,3.852
361.982,179.765,4.936,3.843
362.675,179.551,4.926,3.833
363.369,179.337,4.915,3.823
364.063,179.123,4.905,3.813
364.757,178.909,4.894,3.803
365.450,178.696,4.884,3.793
366.144,178.482,4.873,3.784
366.838,178.268,4.863,3.774
367.531,178.054,4.852,3.764
368.225,177.840,4.842,3.754
368.919,177.627,4.831,3.744
369.613,177.413,4.821,3.734
370.306,177.199,4.810,3.725
371.000,176.985,4.800,3.715
371.828,176.093,4.812,3.652
372.656,175.201,4.823,3.588
373.356,175.301,4.823,3.588
374.049,175.090,4.822,3.593
374.742,174.880,4.822,3.598
375.435,174.669,4.821,3.603
376.128,174.459,4.820,3.608
376.821,174.248,4.819,3.612
377.514,174.038,4.819,3.617
378.207,173.827,4.818,3.622
378.900,173.617,4.817,3.627
379.593,173.406,4.816,3.632
380.285,173.195,4.816,3.637
380.978,172.985,4.815,3.641
381.671,172.774,4.814,3.646
382.364,172.564,4.813,3.651
383.057,172.353,4.813,3.656
383.750,172.143,4.812,3.661
384.443,171.932,4.811,3.665
385.136,171.722,4.810,3.670
385.829,171.511,4.810,3.675
386.522,171.301,4.809,3.680
387.214,171.090,4.808,3.685
387.934,170.906,4.808,3.685
388.654,170.722,4.808,3.685
389.374,170.538,4.808,3.685
390.094,170.354,4.808,3.685
390.814,170.170,4.808,3.685
391.534,169.986,4.808,3.685
392.254,169.802,4.808,3.685
392.974,169.618,4.808,3.685
393.694,169.434,4.808,3.685
394.414,169.250,4.808,3.685
395.134,169.066,4.808,3.685
395.854,168.882,4.808,3.685
396.574,168.698,4.808,3.685
397.294,168.514,4.808,3.685
398.014,168.330,4.808,3.685
398.734,168.146,4.808,3.685
399.454,167.962,4.808,3.685
400.174,167.778,4.808,3.685
400.894,167.594,4.808,3.685
401.614,167.410,4.808,3.685
402.334,167.226,4.808,3.685
403.054,167.042,4.808,3.685
403.774,166.858,4.808,3.685
404.494,166.674,4.808,3.685
405.214,166.490,4.808,3.685
405.954,166.322,4.809,3.681
406.693,166.153,4.809,3.678
407.433,165.985,4.810,3.675
408.172,165.816,4.810,3.671
408.912,165.647,4.811,3.668
409.651,165.479,4.811,3.665
410.390,165.310,4.812,3.661
411.130,165.142,4.812,3.658
411.869,164.973,4.813,3.655
412.609,164.805,4.813,3.652
413.348,164.636,4.814,3.648
414.087,164.468,4.814,3.645
414.827,164.299,4.815,3.642
415.566,164.130,4.815,3.638
416.306,163.962,4.816,3.635
417.045,163.793,4.816,3.632
417.785,163.625,4.817,3.628
418.524,163.456,4.817,3.625
419.263,163.288,4.818,3.622
420.003,163.119,4.818,3.618
420.742,162.951,4.819,3.615
421.482,162.782,4.820,3.612
422.221,162.613,4.820,3.608
422.960,162.445,4.821,3.605
423.700,162.276,4.821,3.602
424.439,162.108,4.822,3.598
425.179,161.939,4.822,3.595
425.918,161.771,4.823,3.592
426.658,161.602,4.823,3.588
427.373,161.470,4.840,3.615
428.089,161.339,4.857,3.642
428.805,161.207,4.874,3.669
429.521,161.075,4.890,3.696
430.237,160.944,4.907,3.723
430.952,160.812,4.924,3.750
431.668,160.680,4.941,3.777
432.384,160.549,4.958,3.804
433.100,160.417,4.974,3.831
433.815,160.285,4.991,3.858
434.531,160.154,5.008,3.885
435.247,160.022,5.025,3.911
435.963,159.890,5.042,3.938
436.679,159.758,5.058,3.965
437.394,159.627,5.075,3.992
438.110,159.495,5.092,4.019
438.826,159.363,5.109,4.046
439.542,159.232,5.126,4.073
440.258,159.100,5.142,4.100
441.124,158.900,5.142,4.100
441.991,158.700,5.142,4.100
442.858,158.500,5.142,4.100
443.583,158.300,5.142,4.100
444.308,158.100,5.142,4.100
445.033,157.900,5.142,4.100
445.758,157.700,5.142,4.100
446.658,157.250,5.142,4.100
447.558,156.800,5.142,4.100
448.300,156.686,5.146,4.081
449.043,156.572,5.150,4.062
449.785,156.458,5.153,4.043
450.528,156.344,5.157,4.024
451.271,156.229,5.160,4.005
452.013,156.115,5.164,3.985
452.756,156.001,5.167,3.966
453.498,155.887,5.171,3.947
454.241,155.773,5.174,3.928
454.984,155.659,5.178,3.909
455.726,155.545,5.181,3.890
456.469,155.431,5.185,3.871
457.211,155.316,5.189,3.852
457.954,155.202,5.192,3.833
458.697,155.088,5.196,3.814
459.439,154.974,5.199,3.795
460.182,154.860,5.203,3.775
460.924,154.746,5.206,3.756
461.667,154.632,5.210,3.737
462.410,154.518,5.213,3.718
463.152,154.403,5.217,3.699
463.895,154.289,5.221,3.680
464.637,154.175,5.224,3.661
465.380,154.061,5.228,3.642
466.123,153.947,5.231,3.623
466.865,153.833,5.235,3.604
467.639,153.733,5.235,3.604
468.412,153.633,5.235,3.604
469.185,153.533,5.235,3.604
469.959,153.433,5.235,3.604
470.732,153.333,5.235,3.604
471.505,153.233,5.235,3.604
472.279,153.133,5.235,3.604
473.052,153.033,5.235,3.604
473.825,152.933,5.235,3.604
474.599,152.833,5.235,3.604
475.372,152.733,5.235,3.604
476.145,152.633,5.235,3.604
476.919,152.533,5.235,3.604
477.692,152.433,5.235,3.604
478.465,152.333,5.235,3.604
479.158,152.240,5.235,3.604
479.850,152.148,5.235,3.604
480.543,152.055,5.235,3.604
481.236,151.962,5.235,3.604
481.928,151.870,5.235,3.604
482.621,151.777,5.235,3.604
483.313,151.685,5.235,3.604
484.006,151.592,5.235,3.604
484.699,151.499,5.235,3.604
485.391,151.407,5.235,3.604
486.084,151.314,5.235,3.604
486.776,151.222,5.235,3.604
487.469,151.129,5.235,3.604
488.162,151.037,5.235,3.604
488.854,150.944,5.235,3.604
489.547,150.851,5.235,3.604
490.239,150.759,5.235,3.604
490.932,150.666,5.235,3.604
491.625,150.574,5.235,3.604
492.317,150.481,5.235,3.604
493.010,150.388,5.235,3.604
493.702,150.296,5.235,3.604
494.395,150.203,5.235,3.604
495.087,150.111,5.235,3.604
495.780,150.018,5.235,3.604
496.473,149.925,5.235,3.604
497.165,149.833,5.235,3.604
