168.200,157.500,4.200,6.700
168.039,158.280,4.188,6.699
167.878,159.060,4.177,6.697
167.717,159.840,4.165,6.696
167.556,160.620,4.153,6.694
167.395,161.399,4.142,6.693
167.234,162.179,4.130,6.691
167.072,162.959,4.118,6.690
166.911,163.739,4.107,6.689
166.750,164.519,4.095,6.687
166.589,165.299,4.083,6.686
166.428,166.079,4.072,6.684
166.267,166.859,4.060,6.683
166.106,167.639,4.048,6.681
165.945,168.418,4.037,6.680
165.784,169.198,4.025,6.679
165.623,169.978,4.013,6.677
165.462,170.758,4.002,6.676
165.301,171.538,3.990,6.674
165.139,172.318,3.978,6.673
164.978,173.098,3.967,6.671
164.817,173.878,3.955,6.670
164.656,174.658,3.943,6.668
164.495,175.437,3.932,6.667
164.334,176.217,3.920,6.666
164.173,176.997,3.908,6.664
164.012,177.777,3.897,6.663
163.881,178.563,3.881,6.615
163.750,179.350,3.865,6.567
163.620,180.136,3.849,6.519
163.489,180.923,3.833,6.471
163.358,181.709,3.817,6.423
163.227,182.495,3.800,6.375
163.097,183.282,3.784,6.327
162.966,184.068,3.768,6.279
162.835,184.854,3.752,6.232
162.704,185.641,3.736,6.184
162.573,186.427,3.720,6.136
162.443,187.214,3.704,6.088
162.312,188.000,3.688,6.040
162.069,188.786,3.619,6.024
161.826,189.573,3.551,6.009
161.583,190.359,3.482,5.993
161.437,191.074,3.482,5.993
161.291,191.790,3.482,5.993
161.145,192.505,3.482,5.993
160.998,193.220,3.482,5.993
160.852,193.936,3.482,5.993
160.706,194.651,3.482,5.993
160.560,195.367,3.482,5.993
160.414,196.082,3.482,5.993
160.268,196.797,3.482,5.993
160.121,197.513,3.482,5.993
159.975,198.228,3.482,5.993
159.829,198.943,3.482,5.993
159.683,199.659,3.482,5.993
159.555,200.469,3.482,5.993
159.428,201.280,3.482,5.993
159.300,202.090,3.482,5.993
159.173,202.900,3.482,5.993
159.045,203.711,3.482,5.993
158.917,204.521,3.482,5.993
158.790,205.331,3.482,5.993
158.662,206.142,3.482,5.993
158.535,206.952,3.482,5.993
158.407,207.762,3.482,5.993
158.280,208.573,3.482,5.993
158.152,209.383,3.482,5.993
158.024,210.193,3.482,5.993
157.897,211.004,3.482,5.993
157.769,211.814,3.482,5.993
157.642,212.624,3.482,5.993
157.514,213.435,3.482,5.993
157.386,214.245,3.482,5.993
157.259,215.055,3.482,5.993
157.131,215.866,3.482,5.993
157.004,216.676,3.482,5.993
156.876,217.486,3.482,5.993
156.749,218.297,3.482,5.993
156.621,219.107,3.482,5.993
156.493,219.917,3.482,5.993
156.366,220.728,3.482,5.993
156.238,221.538,3.482,5.993
156.111,222.349,3.482,5.993
155.983,223.159,3.482,5.993
155.932,223.999,3.471,5.990
155.881,224.838,3.460,5.986
155.831,225.678,3.449,5.983
155.780,226.518,3.438,5.979
155.729,227.358,3.427,5.976
155.678,228.197,3.416,5.972
155.628,229.037,3.405,5.969
155.577,229.877,3.394,5.965
155.526,230.717,3.383,5.962
155.475,231.557,3.372,5.959
155.425,232.396,3.360,5.955
155.374,233.236,3.349,5.952
155.323,234.076,3.338,5.948
155.272,234.916,3.327,5.945
155.222,235.755,3.316,5.941
155.171,236.595,3.305,5.938
155.120,237.435,3.294,5.934
155.069,238.275,3.283,5.931
155.019,239.115,3.272,5.927
154.968,239.954,3.261,5.924
154.917,240.794,3.250,5.920
154.866,241.634,3.239,5.917
154.816,242.474,3.228,5.914
154.765,243.313,3.217,5.910
154.714,244.153,3.206,5.907
154.663,244.993,3.195,5.903
154.612,245.833,3.184,5.900
154.562,246.672,3.173,5.896
154.511,247.512,3.162,5.893
154.460,248.352,3.156,5.889
154.409,249.192,3.157,5.886
154.359,250.032,3.157,5.882
154.308,250.871,3.157,5.879
154.271,251.718,3.157,5.875
154.234,252.564,3.157,5.872
154.197,253.411,3.157,5.868
154.159,254.257,3.157,5.864
154.122,255.104,3.157,5.861
154.085,255.951,3.157,5.857
154.048,256.797,3.157,5.853
154.011,257.644,3.157,5.850
153.974,258.490,3.157,5.846
153.937,259.337,3.157,5.842
153.899,260.183,3.157,5.838
153.862,261.030,3.157,5.835
153.825,261.876,3.157,5.831
153.788,262.723,3.157,5.827
153.751,263.569,3.157,5.824
153.714,264.416,3.157,5.820
153.677,265.262,3.157,5.816
153.639,266.109,3.157,5.813
153.602,266.955,3.157,5.809
153.565,267.802,3.157,5.805
153.528,268.649,3.157,5.802
153.491,269.495,3.157,5.798
153.454,270.342,3.157,5.794
153.417,271.188,3.157,5.791
153.379,272.035,3.157,5.787
153.342,272.881,3.157,5.783
153.305,273.728,3.157,5.780
153.268,274.574,3.157,5.776
153.231,275.421,3.157,5.772
153.194,276.267,3.157,5.769
153.157,277.114,3.157,5.765
153.119,277.960,3.157,5.761
153.045,278.826,3.168,5.754
152.970,279.692,3.179,5.746
152.895,280.558,3.190,5.738
152.820,281.424,3.201,5.730
152.745,282.289,3.212,5.723
152.670,283.155,3.223,5.715
152.596,284.021,3.234,5.707
152.521,284.887,3.246,5.699
152.446,285.753,3.257,5.692
152.371,286.618,3.268,5.684
152.296,287.484,3.279,5.676
152.222,288.350,3.290,5.669
152.147,289.216,3.301,5.661
152.072,290.082,3.312,5.653
151.997,290.947,3.323,5.645
151.922,291.813,3.334,5.638
151.847,292.679,3.345,5.630
151.773,293.545,3.356,5.622
151.698,294.410,3.367,5.614
151.623,295.276,3.378,5.607
151.548,296.142,3.389,5.599
151.473,297.008,3.400,5.591
151.399,297.874,3.411,5.583
151.324,298.739,3.423,5.576
151.249,299.605,3.434,5.568
151.174,300.471,3.445,5.560
151.099,301.337,3.456,5.553
151.024,302.203,3.467,5.545
150.950,303.068,3.478,5.537
150.875,303.934,3.489,5.529
150.800,304.800,3.500,5.522
150.806,305.672,3.500,5.522
150.812,306.544,3.500,5.522
150.819,307.416,3.500,5.522
150.825,308.288,3.500,5.522
150.831,309.159,3.500,5.522
150.838,310.031,3.500,5.522
150.844,310.903,3.500,5.522
150.850,311.775,3.500,5.522
150.856,312.647,3.500,5.522
150.863,313.519,3.500,5.522
150.869,314.391,3.500,5.522
150.875,315.263,3.500,5.522
150.881,316.134,3.500,5.522
150.888,317.006,3.500,5.522
150.894,317.878,3.500,5.522
150.900,318.750,3.500,5.522
150.906,319.622,3.500,5.522
150.912,320.494,3.500,5.522
150.919,321.366,3.500,5.522
150.925,322.238,3.500,5.522
150.931,323.109,3.500,5.522
150.938,323.981,3.500,5.522
150.944,324.853,3.500,5.522
150.950,325.725,3.500,5.522
150.957,326.610,3.500,5.522
150.965,327.495,3.500,5.522
150.972,328.381,3.500,5.522
150.980,329.266,3.500,5.522
150.987,330.151,3.500,5.522
150.994,331.036,3.500,5.522
151.002,331.921,3.500,5.522
151.009,332.806,3.500,5.522
151.017,333.692,3.500,5.522
151.024,334.577,3.500,5.522
151.031,335.462,3.500,5.522
151.039,336.347,3.500,5.522
151.046,337.232,3.500,5.522
151.054,338.118,3.500,5.522
151.061,339.003,3.500,5.522
151.069,339.888,3.500,5.522
151.076,340.773,3.500,5.522
151.083,341.658,3.500,5.522
151.091,342.544,3.500,5.522
151.098,343.429,3.500,5.522
151.106,344.314,3.500,5.522
151.113,345.199,3.500,5.522
151.120,346.084,3.500,5.522
151.128,346.969,3.500,5.522
151.135,347.855,3.500,5.522
151.143,348.740,3.500,5.522
151.150,349.625,3.500,5.522
151.158,350.502,3.500,5.522
151.165,351.379,3.500,5.522
151.173,352.256,3.500,5.522
151.181,353.133,3.500,5.522
151.188,354.010,3.500,5.522
151.196,354.887,3.500,5.522
151.204,355.763,3.500,5.522
151.212,356.640,3.500,5.522
151.219,357.517,3.500,5.522
151.223,358.367,3.500,5.522
151.226,359.217,3.500,5.522
151.229,360.067,3.500,5.522
151.233,360.917,3.500,5.522
151.236,361.767,3.500,5.522
151.239,362.617,3.500,5.522
151.243,363.467,3.500,5.522
151.246,364.317,3.500,5.522
151.249,365.167,3.500,5.522
151.253,366.017,3.500,5.522
151.256,366.867,3.500,5.522
151.259,367.717,3.500,5.522
151.263,368.567,3.500,5.522
151.266,369.417,3.500,5.522
151.269,370.267,3.500,5.522
151.273,371.117,3.500,5.522
151.276,371.967,3.500,5.522
151.279,372.817,3.500,5.522
151.283,373.667,3.500,5.522
151.286,374.517,3.500,5.522
151.289,375.367,3.500,5.522
151.293,376.217,3.500,5.522
151.296,377.067,3.500,5.522
151.299,377.917,3.500,5.522
151.303,378.767,3.500,5.522
151.303,379.707,3.500,5.522
151.303,380.647,3.500,5.522
151.303,381.587,3.500,5.522
151.303,382.527,3.500,5.522
151.303,383.467,3.500,5.522
151.303,384.407,3.500,5.522
151.303,385.347,3.500,5.522
151.303,386.287,3.500,5.522
151.303,387.227,3.500,5.522
151.303,388.167,3.500,5.522
151.336,389.001,3.500,5.522
151.369,389.834,3.500,5.522
151.403,390.667,3.500,5.522
151.436,391.501,3.500,5.522
151.469,392.334,3.500,5.522
151.503,393.167,3.500,5.522
151.536,394.001,3.500,5.522
151.569,394.834,3.500,5.522
151.603,395.667,3.500,5.522
152.153,396.367,3.500,5.522
152.703,397.067,3.500,5.522
152.732,397.923,3.501,5.518
152.762,398.778,3.501,5.515
152.792,399.633,3.502,5.512
152.821,400.488,3.502,5.509
152.851,401.343,3.503,5.505
152.881,402.199,3.503,5.502
152.910,403.054,3.504,5.499
152.940,403.909,3.505,5.496
152.970,404.764,3.505,5.492
152.999,405.619,3.506,5.489
153.029,406.475,3.506,5.486
153.059,407.330,3.507,5.483
153.088,408.185,3.507,5.479
153.118,409.040,3.508,5.476
153.179,409.918,3.508,5.473
153.239,410.796,3.509,5.469
153.300,411.674,3.509,5.466
153.359,412.551,3.511,5.464
153.414,413.423,3.517,5.466
153.469,414.295,3.523,5.468
153.524,415.168,3.529,5.470
153.579,416.040,3.535,5.472
153.634,416.913,3.540,5.474
153.689,417.785,3.546,5.476
153.744,418.657,3.552,5.478
153.799,419.530,3.558,5.480
153.854,420.402,3.564,5.482
153.909,421.275,3.570,5.484
153.964,422.147,3.576,5.486
154.019,423.019,3.582,5.488
154.073,423.892,3.588,5.490
154.128,424.764,3.594,5.493
154.183,425.636,3.600,5.495
154.238,426.509,3.606,5.497
154.293,427.381,3.612,5.499
154.348,428.254,3.618,5.501
154.403,429.126,3.624,5.503
154.458,429.998,3.629,5.505
154.513,430.871,3.635,5.507
154.568,431.743,3.641,5.509
154.623,432.616,3.647,5.511
154.678,433.488,3.653,5.513
154.789,434.346,3.653,5.513
154.900,435.205,3.653,5.513
155.012,436.063,3.653,5.513
155.123,436.921,3.653,5.513
155.234,437.780,3.653,5.513
155.345,438.638,3.653,5.513
155.456,439.496,3.653,5.513
155.567,440.355,3.653,5.513
155.678,441.213,3.653,5.513
155.789,442.071,3.653,5.513
155.900,442.930,3.653,5.513
156.012,443.788,3.653,5.513
156.123,444.646,3.653,5.513
156.234,445.505,3.653,5.513
156.345,446.363,3.653,5.513
156.456,447.221,3.653,5.513
156.567,448.080,3.653,5.513
156.678,448.938,3.653,5.513
156.789,449.796,3.653,5.513
156.900,450.655,3.653,5.513
157.012,451.513,3.653,5.513
157.123,452.371,3.653,5.513
157.234,453.230,3.653,5.513
157.345,454.088,3.653,5.513
157.456,454.946,3.653,5.513
157.567,455.805,3.653,5.513
157.678,456.663,3.653,5.513
157.789,457.521,3.653,5.513
157.900,458.380,3.653,5.513
158.012,459.238,3.653,5.513
158.123,460.096,3.653,5.513
158.234,460.955,3.653,5.513
158.345,461.813,3.653,5.513
158.456,462.671,3.653,5.513
158.567,463.530,3.653,5.513
158.678,464.388,3.653,5.513
158.793,465.248,3.653,5.513
158.908,466.108,3.653,5.513
159.023,466.968,3.653,5.513
159.138,467.828,3.653,5.513
159.253,468.688,3.653,5.513
159.368,469.548,3.653,5.513
159.483,470.408,3.653,5.513
159.598,471.268,3.653,5.513
159.713,472.128,3.653,5.513
159.828,472.988,3.653,5.513
159.943,473.848,3.653,5.513
160.058,474.708,3.653,5.513
160.173,475.568,3.653,5.513
160.288,476.428,3.653,5.513
160.403,477.288,3.653,5.513
160.518,478.148,3.653,5.513
160.633,479.008,3.653,5.513
160.748,479.868,3.653,5.513
160.863,480.728,3.653,5.513
160.978,481.588,3.653,5.513
161.093,482.448,3.653,5.513
161.208,483.308,3.653,5.513
161.323,484.168,3.653,5.513
161.438,485.028,3.653,5.513
161.553,485.888,3.653,5.513
161.668,486.748,3.653,5.513
161.783,487.608,3.653,5.513
161.898,488.468,3.653,5.513
162.013,489.328,3.653,5.513
162.128,490.188,3.653,5.513
162.243,491.048,3.653,5.513
162.358,491.908,3.653,5.513
162.473,492.768,3.653,5.513
162.588,493.628,3.653,5.513
162.703,494.488,3.653,5.513
162.818,495.348,3.653,5.513
162.933,496.208,3.653,5.513
163.048,497.068,3.653,5.513
163.163,497.928,3.653,5.513
163.278,498.788,3.653,5.513
163.440,499.614,3.653,5.513
163.601,500.439,3.653,5.513
163.763,501.265,3.653,5.513
163.924,502.090,3.653,5.513
164.086,502.916,3.653,5.513
164.247,503.742,3.653,5.513
164.409,504.567,3.653,5.513
164.571,505.393,3.653,5.513
164.732,506.219,3.653,5.513
164.894,507.044,3.653,5.513
165.055,507.870,3.653,5.513
165.217,508.696,3.653,5.513
165.378,509.521,3.653,5.513
165.540,510.347,3.653,5.513
165.701,511.173,3.653,5.513
165.863,511.998,3.653,5.513
166.024,512.824,3.653,5.513
166.186,513.649,3.653,5.513
166.347,514.475,3.653,5.513
166.509,515.301,3.653,5.513
166.671,516.126,3.653,5.513
166.832,516.952,3.653,5.513
166.994,517.778,3.653,5.513
167.155,518.603,3.653,5.513
167.317,519.429,3.653,5.513
167.478,520.255,3.653,5.513
167.640,521.080,3.653,5.513
167.801,521.906,3.653,5.513
167.963,522.731,3.653,5.513
168.124,523.557,3.653,5.513
168.286,524.383,3.653,5.513
168.447,525.208,3.653,5.513
168.609,526.034,3.653,5.513
168.771,526.860,3.653,5.513
168.932,527.685,3.653,5.513
169.094,528.511,3.653,5.513
169.255,529.337,3.653,5.513
169.417,530.162,3.653,5.513
169.578,530.988,3.653,5.513
169.761,531.856,3.668,5.517
169.943,532.723,3.683,5.520
170.126,533.591,3.698,5.524
170.309,534.459,3.712,5.527
170.491,535.327,3.727,5.531
170.674,536.195,3.742,5.534
170.857,537.062,3.757,5.538
171.039,537.930,3.772,5.541
171.222,538.798,3.787,5.544
171.404,539.666,3.801,5.548
171.587,540.533,3.816,5.551
171.770,541.401,3.831,5.555
171.952,542.269,3.846,5.558
172.135,543.137,3.861,5.562
172.318,544.004,3.875,5.565
172.500,544.872,3.890,5.569
172.683,545.740,3.905,5.572
172.865,546.608,3.920,5.576
173.048,547.476,3.935,5.579
173.231,548.343,3.949,5.583
173.413,549.211,3.964,5.586
173.596,550.079,3.979,5.590
173.779,550.947,3.994,5.593
173.961,551.814,4.009,5.597
174.144,552.682,4.024,5.600
174.326,553.550,4.038,5.603
174.509,554.418,4.053,5.607
174.692,555.285,4.068,5.610
174.874,556.153,4.083,5.614
175.057,557.021,4.098,5.617
175.240,557.889,4.112,5.621
175.395,558.757,4.109,5.620
175.551,559.625,4.105,5.620
175.707,560.493,4.102,5.619
175.863,561.362,4.098,5.619
176.019,562.230,4.095,5.618
176.175,563.098,4.091,5.618
176.331,563.966,4.088,5.617
176.487,564.835,4.084,5.617
176.642,565.703,4.080,5.616
176.798,566.571,4.077,5.616
176.954,567.439,4.073,5.615
177.110,568.307,4.070,5.615
177.266,569.176,4.066,5.614
177.422,570.044,4.063,5.614
177.578,570.912,4.059,5.613
