156.800,221.000,5.500,4.300
157.554,220.658,5.485,4.300
158.308,220.315,5.469,4.300
159.062,219.973,5.454,4.300
159.815,219.631,5.438,4.300
160.598,219.290,5.428,4.306
161.380,218.950,5.418,4.311
162.163,218.609,5.408,4.317
162.945,218.268,5.397,4.322
163.728,217.928,5.387,4.328
164.510,217.587,5.377,4.333
165.293,217.247,5.367,4.339
166.075,216.906,5.356,4.344
166.858,216.565,5.346,4.350
167.640,216.225,5.336,4.356
168.423,215.884,5.326,4.361
169.205,215.544,5.315,4.367
169.988,215.203,5.305,4.372
170.770,214.862,5.295,4.378
171.553,214.522,5.285,4.383
172.335,214.181,5.274,4.389
173.118,213.841,5.264,4.394
173.900,213.500,5.254,4.400
174.580,213.170,5.254,4.400
175.260,212.840,5.254,4.400
175.940,212.510,5.254,4.400
176.620,212.180,5.254,4.400
177.300,211.850,5.254,4.400
177.980,211.520,5.254,4.400
178.660,211.190,5.254,4.400
179.340,210.860,5.254,4.400
180.020,210.530,5.254,4.400
180.700,210.200,5.254,4.400
181.380,209.870,5.254,4.400
182.060,209.540,5.254,4.400
182.740,209.210,5.254,4.400
183.420,208.880,5.254,4.400
184.100,208.550,5.254,4.400
184.780,208.220,5.254,4.400
185.460,207.890,5.254,4.400
186.140,207.560,5.254,4.400
186.820,207.230,5.254,4.400
187.500,206.900,5.254,4.400
188.232,206.569,5.255,4.398
188.965,206.237,5.257,4.395
189.697,205.906,5.258,4.393
190.430,205.574,5.260,4.390
191.162,205.243,5.261,4.388
191.895,204.912,5.263,4.385
192.627,204.580,5.264,4.383
193.360,204.249,5.266,4.380
194.092,203.917,5.267,4.378
194.825,203.586,5.269,4.375
195.557,203.254,5.270,4.373
196.290,202.923,5.272,4.370
197.022,202.592,5.273,4.368
197.755,202.260,5.275,4.365
198.487,201.929,5.276,4.363
199.220,201.597,5.278,4.360
199.952,201.266,5.279,4.358
200.685,200.935,5.281,4.355
201.417,200.603,5.282,4.353
202.150,200.272,5.284,4.350
202.882,199.940,5.285,4.348
203.615,199.609,5.287,4.345
204.347,199.277,5.288,4.343
205.080,198.946,5.290,4.340
205.812,198.615,5.291,4.338
206.522,198.343,5.291,4.338
207.231,198.071,5.291,4.338
207.940,197.799,5.291,4.338
208.650,197.527,5.291,4.338
209.359,197.255,5.291,4.338
210.068,196.983,5.291,4.338
210.778,196.711,5.291,4.338
211.487,196.440,5.291,4.338
212.197,196.168,5.291,4.338
212.906,195.896,5.291,4.338
213.615,195.624,5.291,4.338
214.325,195.352,5.291,4.338
215.034,195.080,5.291,4.338
215.743,194.808,5.291,4.338
216.453,194.536,5.291,4.338
217.162,194.265,5.291,4.338
217.872,193.993,5.291,4.338
218.581,193.721,5.291,4.338
219.290,193.449,5.291,4.338
220.000,193.177,5.291,4.338
220.709,192.905,5.291,4.338
221.418,192.633,5.291,4.338
222.128,192.361,5.291,4.338
222.837,192.090,5.291,4.338
223.547,191.818,5.291,4.338
224.256,191.546,5.291,4.338
224.965,191.274,5.291,4.338
225.675,191.002,5.291,4.338
226.384,190.730,5.291,4.338
227.093,190.458,5.291,4.338
227.803,190.186,5.291,4.338
228.512,189.915,5.291,4.338
229.212,189.638,5.291,4.338
229.912,189.362,5.291,4.338
230.612,189.085,5.291,4.338
231.312,188.809,5.291,4.338
232.012,188.532,5.291,4.338
232.712,188.256,5.291,4.338
233.412,187.979,5.291,4.338
234.112,187.703,5.291,4.338
234.812,187.426,5.291,4.338
235.512,187.150,5.291,4.338
236.212,186.873,5.291,4.338
236.912,186.597,5.291,4.338
237.612,186.321,5.291,4.338
238.312,186.044,5.291,4.338
239.012,185.768,5.291,4.338
239.712,185.491,5.291,4.338
240.412,185.215,5.291,4.338
241.097,185.012,5.294,4.332
241.783,184.809,5.296,4.327
242.468,184.607,5.298,4.321
243.153,184.404,5.300,4.316
243.839,184.201,5.303,4.310
244.524,183.999,5.305,4.304
245.209,183.796,5.307,4.299
245.894,183.593,5.309,4.293
246.580,183.390,5.312,4.288
247.265,183.188,5.314,4.282
247.950,182.985,5.316,4.276
248.635,182.782,5.318,4.271
249.321,182.580,5.320,4.265
250.006,182.377,5.323,4.260
250.691,182.174,5.325,4.254
251.377,181.972,5.327,4.249
252.062,181.769,5.329,4.243
252.747,181.566,5.332,4.237
253.432,181.364,5.334,4.232
254.118,181.161,5.336,4.226
254.826,180.958,5.316,4.211
255.534,180.755,5.296,4.195
256.242,180.553,5.277,4.180
256.951,180.350,5.257,4.165
257.659,180.147,5.237,4.149
258.367,179.944,5.217,4.134
259.076,179.742,5.197,4.118
259.784,179.539,5.178,4.103
260.492,179.336,5.158,4.087
261.200,179.133,5.138,4.072
261.909,178.930,5.118,4.057
262.617,178.728,5.098,4.041
263.325,178.525,5.078,4.026
264.034,178.322,5.059,4.010
264.742,178.119,5.039,3.995
265.450,177.917,5.019,3.980
266.159,177.714,4.999,3.964
266.867,177.511,4.979,3.949
267.575,177.308,4.959,3.933
268.283,177.106,4.940,3.918
268.992,176.903,4.920,3.903
269.700,176.700,4.900,3.887
270.408,176.480,4.904,3.888
271.116,176.260,4.908,3.888
271.824,176.040,4.912,3.889
272.532,175.820,4.916,3.889
273.240,175.600,4.920,3.890
273.948,175.380,4.924,3.890
274.656,175.160,4.928,3.891
275.364,174.940,4.932,3.891
276.072,174.720,4.936,3.892
276.780,174.500,4.940,3.892
277.488,174.280,4.944,3.893
278.196,174.060,4.948,3.893
278.904,173.840,4.952,3.894
279.612,173.620,4.956,3.894
280.320,173.400,4.960,3.895
281.028,173.180,4.964,3.895
281.736,172.960,4.968,3.896
282.444,172.740,4.972,3.896
283.152,172.520,4.976,3.897
283.860,172.300,4.980,3.897
284.568,172.080,4.984,3.898
285.276,171.860,4.988,3.898
285.984,171.640,4.992,3.899
286.692,171.420,4.996,3.899
287.400,171.200,5.000,3.900
288.148,171.006,5.000,3.900
288.897,170.813,5.000,3.900
289.645,170.619,5.000,3.900
290.394,170.426,5.000,3.900
291.142,170.232,5.000,3.900
291.890,170.039,5.000,3.900
292.639,169.845,5.000,3.900
293.387,169.652,5.000,3.900
294.135,169.458,5.000,3.900
294.884,169.265,5.000,3.900
295.632,169.071,5.000,3.900
296.381,168.877,5.000,3.900
297.129,168.684,5.000,3.900
297.877,168.490,5.000,3.900
298.626,168.297,5.000,3.900
299.374,168.103,5.000,3.900
300.123,167.910,5.000,3.900
300.871,167.716,5.000,3.900
301.619,167.523,5.000,3.900
302.368,167.329,5.000,3.900
303.116,167.135,5.000,3.900
303.865,166.942,5.000,3.900
304.613,166.748,5.000,3.900
305.361,166.555,5.000,3.900
306.110,166.361,5.000,3.900
306.858,166.168,5.000,3.900
307.606,165.974,5.000,3.900
308.355,165.781,5.000,3.900
309.103,165.587,5.000,3.900
309.852,165.394,5.000,3.900
310.600,165.200,5.000,3.900
311.433,165.045,4.998,3.891
312.266,164.891,4.996,3.882
313.099,164.736,4.994,3.874
313.932,164.582,4.992,3.865
314.765,164.427,4.991,3.856
315.598,164.273,4.989,3.847
316.432,164.118,4.987,3.838
317.265,163.963,4.985,3.830
318.098,163.809,4.983,3.821
318.931,163.654,4.981,3.812
319.764,163.500,4.979,3.803
320.567,163.317,4.978,3.797
321.369,163.135,4.977,3.790
322.172,162.953,4.976,3.784
322.975,162.771,4.975,3.777
323.778,162.588,4.974,3.771
324.581,162.406,4.972,3.764
325.383,162.224,4.971,3.758
326.186,162.042,4.970,3.751
326.989,161.859,4.969,3.745
327.792,161.677,4.968,3.739
328.595,161.495,4.967,3.732
329.397,161.313,4.965,3.726
330.247,161.113,4.965,3.726
331.097,160.913,4.965,3.726
331.947,160.713,4.965,3.726
332.797,160.513,4.965,3.726
333.647,160.313,4.965,3.726
334.497,160.113,4.965,3.726
335.408,160.017,4.959,3.701
336.318,159.921,4.952,3.677
337.229,159.826,4.946,3.653
338.139,159.730,4.939,3.629
339.050,159.634,4.933,3.605
339.960,159.538,4.926,3.581
340.871,159.443,4.920,3.557
341.662,159.326,4.920,3.557
342.454,159.209,4.920,3.557
343.246,159.093,4.920,3.557
344.037,158.976,4.920,3.557
344.829,158.859,4.920,3.557
345.621,158.743,4.920,3.557
346.412,158.626,4.920,3.557
347.204,158.509,4.920,3.557
347.996,158.393,4.920,3.557
348.787,158.276,4.920,3.557
349.579,158.159,4.920,3.557
350.371,158.043,4.920,3.557
351.156,157.943,4.920,3.557
351.942,157.843,4.920,3.557
352.728,157.743,4.920,3.557
353.513,157.643,4.920,3.557
354.299,157.543,4.920,3.557
355.085,157.443,4.920,3.557
355.871,157.343,4.920,3.557
356.656,157.243,4.920,3.557
357.442,157.143,4.920,3.557
358.228,157.043,4.920,3.557
359.013,156.943,4.920,3.557
359.799,156.843,4.920,3.557
360.585,156.743,4.920,3.557
361.371,156.643,4.920,3.557
362.156,156.543,4.920,3.557
362.942,156.443,4.920,3.557
363.728,156.343,4.920,3.557
364.513,156.243,4.920,3.557
365.299,156.143,4.920,3.557
366.085,156.043,4.920,3.557
366.871,155.943,4.920,3.557
367.643,155.861,4.921,3.560
368.416,155.779,4.922,3.563
369.189,155.697,4.923,3.566
369.961,155.615,4.923,3.570
370.734,155.533,4.924,3.573
371.507,155.451,4.925,3.576
372.280,155.368,4.926,3.579
373.052,155.286,4.927,3.583
373.825,155.204,4.928,3.586
374.598,155.122,4.929,3.589
375.370,155.040,4.930,3.592
376.143,154.958,4.931,3.595
376.981,154.896,4.931,3.595
377.818,154.833,4.931,3.595
378.656,154.771,4.931,3.595
379.493,154.708,4.931,3.595
380.331,154.646,4.931,3.595
381.168,154.583,4.931,3.595
382.006,154.521,4.931,3.595
382.843,154.458,4.931,3.595
383.606,154.396,4.931,3.595
384.368,154.333,4.931,3.595
385.131,154.271,4.931,3.595
385.893,154.208,4.931,3.595
386.656,154.146,4.931,3.595
387.418,154.083,4.931,3.595
388.181,154.021,4.931,3.595
388.943,153.958,4.931,3.595
389.563,153.898,4.931,3.595
390.183,153.838,4.931,3.595
390.803,153.778,4.931,3.595
391.423,153.718,4.931,3.595
392.023,153.618,4.931,3.595
392.923,153.068,4.931,3.595
393.823,152.518,4.931,3.595
395.043,152.558,4.931,3.595
395.728,152.504,4.931,3.595
396.412,152.451,4.931,3.595
397.097,152.397,4.931,3.595
397.782,152.343,4.931,3.595
398.466,152.289,4.931,3.595
399.151,152.235,4.931,3.595
399.835,152.181,4.931,3.595
400.520,152.128,4.931,3.595
401.205,152.074,4.931,3.595
401.889,152.020,4.931,3.595
402.574,151.966,4.931,3.595
403.258,151.912,4.931,3.595
403.943,151.858,4.931,3.595
404.684,151.810,4.928,3.588
405.425,151.761,4.926,3.580
406.166,151.713,4.923,3.573
406.906,151.664,4.920,3.565
407.647,151.615,4.918,3.557
408.388,151.567,4.915,3.550
409.129,151.518,4.912,3.542
409.870,151.470,4.910,3.535
410.610,151.421,4.907,3.527
411.351,151.373,4.904,3.519
412.092,151.324,4.902,3.512
412.833,151.275,4.899,3.504
413.574,151.227,4.896,3.497
414.315,151.178,4.894,3.489
415.055,151.130,4.891,3.481
415.796,151.081,4.888,3.474
416.537,151.033,4.886,3.466
417.278,150.984,4.883,3.459
418.019,150.935,4.880,3.451
418.759,150.887,4.877,3.443
419.500,150.838,4.875,3.436
420.241,150.790,4.872,3.428
420.982,150.741,4.869,3.421
421.668,150.723,4.867,3.416
422.355,150.705,4.865,3.412
423.041,150.688,4.863,3.407
423.728,150.670,4.862,3.402
424.414,150.652,4.860,3.398
425.100,150.634,4.858,3.393
425.787,150.616,4.856,3.389
426.473,150.598,4.854,3.384
427.160,150.580,4.852,3.379
427.846,150.563,4.850,3.375
428.532,150.545,4.848,3.370
429.219,150.527,4.846,3.367
429.905,150.509,4.844,3.368
430.592,150.491,4.842,3.369
431.278,150.473,4.840,3.370
431.964,150.456,4.838,3.371
432.651,150.438,4.836,3.372
433.337,150.420,4.834,3.373
434.024,150.402,4.832,3.374
434.710,150.384,4.830,3.374
435.396,150.366,4.828,3.375
436.083,150.348,4.826,3.376
436.769,150.331,4.824,3.377
437.456,150.313,4.822,3.378
438.142,150.295,4.820,3.379
438.828,150.277,4.818,3.380
439.515,150.259,4.816,3.381
440.201,150.241,4.814,3.382
440.888,150.224,4.812,3.383
441.574,150.206,4.810,3.383
442.261,150.188,4.808,3.384
442.947,150.170,4.806,3.385
443.655,150.174,4.806,3.385
444.364,150.178,4.806,3.385
445.072,150.183,4.806,3.385
445.780,150.187,4.806,3.385
446.489,150.191,4.806,3.385
447.197,150.195,4.806,3.385
447.905,150.199,4.806,3.385
448.614,150.203,4.806,3.385
449.322,150.208,4.806,3.385
450.030,150.212,4.806,3.385
450.739,150.216,4.806,3.385
451.447,150.220,4.806,3.385
452.155,150.224,4.806,3.385
452.864,150.228,4.806,3.385
453.572,150.233,4.806,3.385
454.280,150.237,4.806,3.385
454.989,150.241,4.806,3.385
455.697,150.245,4.806,3.385
456.405,150.249,4.806,3.385
457.114,150.253,4.806,3.385
457.822,150.258,4.806,3.385
458.530,150.262,4.806,3.385
459.239,150.266,4.806,3.385
459.947,150.270,4.806,3.385
460.580,150.270,4.806,3.385
461.214,150.270,4.806,3.385
461.847,150.270,4.806,3.385
462.480,150.270,4.806,3.385
463.114,150.270,4.806,3.385
463.747,150.270,4.806,3.385
464.472,150.120,4.806,3.385
465.197,149.970,4.806,3.385
465.922,149.820,4.806,3.385
466.647,149.670,4.806,3.385
467.302,149.710,4.806,3.385
467.957,149.750,4.806,3.385
468.612,149.790,4.806,3.385
469.267,149.830,4.806,3.385
469.922,149.870,4.806,3.385
470.577,149.910,4.806,3.385
471.232,149.950,4.806,3.385
471.887,149.990,4.806,3.385
472.542,150.030,4.806,3.385
473.197,150.070,4.806,3.385
473.852,150.110,4.806,3.385
474.507,150.150,4.806,3.385
475.162,150.190,4.806,3.385
475.817,150.230,4.806,3.385
476.472,150.270,4.806,3.385
477.127,150.310,4.806,3.385
477.782,150.350,4.806,3.385
478.437,150.390,4.806,3.385
479.092,150.430,4.806,3.385
479.747,150.470,4.806,3.385
480.426,150.490,4.804,3.386
481.104,150.510,4.802,3.386
481.783,150.530,4.801,3.387
482.462,150.550,4.799,3.387
483.141,150.570,4.797,3.388
483.819,150.590,4.795,3.389
484.498,150.610,4.793,3.389
485.177,150.630,4.791,3.390
485.856,150.650,4.789,3.390
486.535,150.670,4.787,3.391
487.213,150.690,4.785,3.391
487.892,150.710,4.783,3.392
488.571,150.730,4.782,3.392
489.250,150.751,4.780,3.393
489.928,150.771,4.778,3.393
490.607,150.791,4.776,3.394
491.286,150.811,4.774,3.394
491.965,150.831,4.772,3.395
492.643,150.851,4.770,3.396
493.322,150.871,4.768,3.396
494.000,150.891,4.768,3.397
494.674,150.911,4.770,3.397
495.349,150.931,4.772,3.398
496.024,150.951,4.774,3.398
496.699,150.971,4.776,3.399
497.374,150.991,4.778,3.399
498.016,151.027,4.780,3.400
498.659,151.063,4.782,3.400
499.302,151.099,4.784,3.401
499.944,151.135,4.787,3.401
500.587,151.172,4.789,3.402
501.229,151.208,4.791,3.402
501.872,151.244,4.794,3.403
502.514,151.280,4.796,3.403
503.157,151.316,4.798,3.404
503.799,151.352,4.801,3.404
504.442,151.389,4.803,3.405
505.084,151.425,4.805,3.405
505.727,151.461,4.808,3.406
506.369,151.497,4.810,3.406
507.012,151.533,4.812,3.407
507.654,151.569,4.814,3.407
508.297,151.605,4.817,3.408
508.939,151.642,4.819,3.408
509.582,151.678,4.821,3.409
510.224,151.714,4.824,3.409
511.024,151.664,4.824,3.409
511.824,151.614,4.824,3.409
