157.000,163.000,4.900,4.800
156.919,162.764,4.896,4.802
156.837,162.528,4.892,4.804
156.756,162.293,4.888,4.805
156.675,162.057,4.884,4.807
156.594,161.821,4.880,4.809
156.499,161.596,4.877,4.811
156.391,161.335,4.877,4.811
156.284,161.073,4.877,4.811
156.176,160.812,4.877,4.811
156.068,160.550,4.877,4.811
155.960,160.288,4.877,4.811
155.853,160.027,4.877,4.811
155.745,159.765,4.877,4.811
155.637,159.504,4.877,4.811
155.530,159.242,4.877,4.811
155.422,158.981,4.877,4.811
155.314,158.719,4.877,4.811
155.207,158.458,4.877,4.811
155.099,158.196,4.877,4.811
154.999,157.963,4.877,4.811
154.899,157.729,4.877,4.811
154.799,157.496,4.877,4.811
154.743,157.352,4.877,4.811
154.688,157.207,4.877,4.811
154.632,157.063,4.877,4.811
154.577,156.918,4.877,4.811
154.521,156.774,4.877,4.811
154.466,156.629,4.877,4.811
154.410,156.485,4.877,4.811
154.354,156.341,4.877,4.811
154.299,156.196,4.877,4.811
154.216,156.029,4.877,4.811
154.132,155.863,4.877,4.811
154.049,155.696,4.877,4.811
153.966,155.529,4.877,4.811
153.882,155.363,4.877,4.811
153.799,155.196,4.877,4.811
153.786,154.984,4.877,4.811
153.774,154.771,4.877,4.811
153.761,154.559,4.877,4.811
153.749,154.346,4.877,4.811
153.736,154.134,4.877,4.811
153.724,153.921,4.877,4.811
153.711,153.709,4.877,4.811
153.699,153.496,4.877,4.811
153.649,153.356,4.877,4.811
153.599,153.216,4.877,4.811
153.549,153.076,4.877,4.811
153.499,152.936,4.877,4.811
153.449,152.796,4.877,4.811
153.399,152.656,4.877,4.811
153.349,152.516,4.877,4.811
153.299,152.376,4.877,4.811
153.249,152.236,4.877,4.811
153.199,152.096,4.877,4.811
153.185,152.010,4.877,4.811
153.170,151.925,4.877,4.811
153.156,151.839,4.877,4.811
153.142,151.753,4.877,4.811
153.127,151.668,4.877,4.811
153.113,151.582,4.877,4.811
153.099,151.496,4.877,4.811
152.799,151.629,4.877,4.811
152.499,151.763,4.877,4.811
152.199,151.896,4.877,4.811
152.199,151.863,4.877,4.811
152.199,151.829,4.877,4.811
152.199,151.796,4.877,4.811
152.185,151.710,4.877,4.811
152.170,151.625,4.877,4.811
152.156,151.539,4.877,4.811
152.142,151.453,4.877,4.811
152.127,151.368,4.877,4.811
152.113,151.282,4.877,4.811
152.099,151.196,4.877,4.811
152.117,151.160,4.877,4.811
152.135,151.123,4.877,4.811
152.153,151.087,4.877,4.811
152.172,151.051,4.877,4.811
152.190,151.014,4.877,4.811
152.208,150.978,4.877,4.811
152.226,150.942,4.877,4.811
152.244,150.905,4.877,4.811
152.263,150.869,4.877,4.811
152.281,150.832,4.877,4.811
152.299,150.796,4.877,4.811
152.291,150.763,4.877,4.811
152.282,150.729,4.877,4.811
152.274,150.696,4.877,4.811
152.266,150.663,4.877,4.811
152.257,150.629,4.877,4.811
152.249,150.596,4.877,4.811
152.241,150.563,4.877,4.811
152.232,150.529,4.877,4.811
152.224,150.496,4.877,4.811
152.216,150.463,4.877,4.811
152.207,150.429,4.877,4.811
152.199,150.396,4.877,4.811
152.199,150.346,4.877,4.811
152.199,150.296,4.877,4.811
152.199,150.246,4.877,4.811
152.199,150.196,4.877,4.811
152.199,150.146,4.877,4.811
152.199,150.096,4.877,4.811
152.199,150.046,4.877,4.811
152.199,149.996,4.877,4.811
152.199,149.946,4.877,4.811
152.199,149.896,4.877,4.811
152.199,149.846,4.877,4.811
152.199,149.796,4.877,4.811
152.177,149.839,4.877,4.811
152.156,149.882,4.877,4.811
152.135,149.925,4.877,4.811
152.113,149.968,4.877,4.811
152.092,150.010,4.877,4.811
152.070,150.053,4.877,4.811
152.049,150.096,4.877,4.811
152.027,150.139,4.877,4.811
152.006,150.182,4.877,4.811
151.985,150.225,4.877,4.811
151.963,150.268,4.877,4.811
151.942,150.310,4.877,4.811
151.920,150.353,4.877,4.811
151.899,150.396,4.877,4.811
151.799,150.721,4.877,4.811
151.699,151.046,4.877,4.811
151.599,151.371,4.877,4.811
151.499,151.696,4.877,4.811
151.449,151.675,4.877,4.811
151.399,151.653,4.877,4.811
151.349,151.632,4.877,4.811
151.299,151.610,4.877,4.811
151.249,151.589,4.877,4.811
151.199,151.568,4.877,4.811
151.149,151.546,4.877,4.811
151.099,151.525,4.877,4.811
151.049,151.503,4.877,4.811
150.999,151.482,4.877,4.811
150.949,151.460,4.877,4.811
150.899,151.439,4.877,4.811
150.849,151.418,4.877,4.811
150.799,151.396,4.877,4.811
150.799,151.396,4.877,4.811
150.799,151.396,4.877,4.811
150.799,151.396,4.877,4.811
150.799,151.396,4.877,4.811
150.799,151.396,4.877,4.811
150.799,151.396,4.877,4.811
150.799,151.396,4.877,4.811
150.799,151.396,4.877,4.811
150.799,151.396,4.877,4.811
150.799,151.396,4.877,4.811
150.799,151.396,4.877,4.811
150.799,151.396,4.877,4.811
150.799,151.396,4.877,4.811
150.799,151.396,4.877,4.811
150.799,151.396,4.877,4.811
150.799,151.396,4.877,4.811
150.799,151.396,4.877,4.811
150.799,151.396,4.877,4.811
150.799,151.396,4.877,4.811
150.799,151.396,4.877,4.811
150.799,151.396,4.877,4.811
150.799,151.396,4.877,4.811
150.799,151.396,4.877,4.811
150.799,151.396,4.877,4.811
150.804,151.415,4.877,4.811
150.808,151.434,4.877,4.811
150.813,151.453,4.877,4.811
150.818,151.472,4.877,4.811
150.823,151.491,4.877,4.811
150.827,151.510,4.877,4.811
150.832,151.529,4.877,4.811
150.837,151.549,4.877,4.811
150.842,151.568,4.877,4.811
150.847,151.587,4.877,4.811
150.851,151.606,4.877,4.811
150.856,151.625,4.877,4.811
150.861,151.644,4.877,4.811
150.866,151.663,4.877,4.811
150.870,151.682,4.877,4.811
150.875,151.701,4.877,4.811
150.880,151.720,4.877,4.811
150.885,151.739,4.877,4.811
150.889,151.758,4.877,4.811
150.894,151.777,4.877,4.811
150.899,151.796,4.877,4.811
150.889,151.846,4.877,4.811
150.879,151.896,4.877,4.811
150.869,151.946,4.877,4.811
150.859,151.996,4.877,4.811
150.849,152.046,4.877,4.811
150.839,152.096,4.877,4.811
150.829,152.146,4.877,4.811
150.819,152.196,4.877,4.811
150.809,152.246,4.877,4.811
150.799,152.296,4.877,4.811
150.849,152.221,4.877,4.811
150.899,152.146,4.877,4.811
150.949,152.071,4.877,4.811
150.999,151.996,4.877,4.811
151.017,152.032,4.877,4.811
151.035,152.069,4.877,4.811
151.053,152.105,4.877,4.811
151.072,152.142,4.877,4.811
151.090,152.178,4.877,4.811
151.108,152.214,4.877,4.811
151.126,152.251,4.877,4.811
151.144,152.287,4.877,4.811
151.163,152.323,4.877,4.811
151.181,152.360,4.877,4.811
151.199,152.396,4.877,4.811
151.242,152.418,4.877,4.811
151.285,152.439,4.877,4.811
151.327,152.460,4.877,4.811
151.370,152.482,4.877,4.811
151.413,152.503,4.877,4.811
151.456,152.525,4.877,4.811
151.499,152.546,4.877,4.811
151.542,152.568,4.877,4.811
151.585,152.589,4.877,4.811
151.627,152.610,4.877,4.811
151.670,152.632,4.877,4.811
151.713,152.653,4.877,4.811
151.756,152.675,4.877,4.811
151.799,152.696,4.877,4.811
151.769,152.716,4.877,4.811
151.739,152.736,4.877,4.811
151.709,152.756,4.877,4.811
151.679,152.776,4.877,4.811
151.649,152.796,4.877,4.811
151.619,152.816,4.877,4.811
151.589,152.836,4.877,4.811
151.559,152.856,4.877,4.811
151.529,152.876,4.877,4.811
151.499,152.896,4.877,4.811
151.366,152.829,4.877,4.811
151.232,152.763,4.877,4.811
151.099,152.696,4.877,4.811
151.126,152.677,4.870,4.814
151.152,152.658,4.863,4.817
151.179,152.639,4.856,4.820
151.205,152.620,4.850,4.824
151.232,152.602,4.843,4.827
151.259,152.583,4.836,4.830
151.285,152.564,4.829,4.833
151.312,152.545,4.822,4.837
151.312,152.485,4.822,4.837
151.312,152.425,4.822,4.837
151.312,152.365,4.822,4.837
151.312,152.305,4.822,4.837
151.312,152.245,4.822,4.837
151.462,152.520,4.822,4.837
151.612,152.795,4.822,4.837
151.762,153.070,4.822,4.837
151.912,153.345,4.822,4.837
151.932,153.365,4.822,4.837
151.952,153.385,4.822,4.837
151.972,153.405,4.822,4.837
151.992,153.425,4.822,4.837
152.012,153.445,4.822,4.837
152.212,153.512,4.822,4.837
152.412,153.578,4.822,4.837
152.612,153.645,4.822,4.837
152.645,153.628,4.822,4.837
152.679,153.612,4.822,4.837
152.712,153.595,4.822,4.837
152.745,153.578,4.822,4.837
152.779,153.562,4.822,4.837
152.812,153.545,4.822,4.837
152.845,153.528,4.822,4.837
152.879,153.512,4.822,4.837
152.912,153.495,4.822,4.837
152.945,153.478,4.822,4.837
152.979,153.462,4.822,4.837
153.012,153.445,4.822,4.837
153.012,153.445,4.822,4.837
153.012,153.445,4.822,4.837
153.012,153.445,4.822,4.837
153.037,153.395,4.822,4.837
153.062,153.345,4.822,4.837
153.087,153.295,4.822,4.837
153.112,153.245,4.822,4.837
153.087,153.303,4.822,4.837
153.062,153.362,4.822,4.837
153.037,153.420,4.822,4.837
153.012,153.478,4.822,4.837
152.987,153.537,4.822,4.837
152.962,153.595,4.822,4.837
152.937,153.653,4.822,4.837
152.912,153.712,4.822,4.837
152.887,153.770,4.822,4.837
152.862,153.828,4.822,4.837
152.837,153.887,4.822,4.837
152.812,153.945,4.822,4.837
152.815,153.924,4.822,4.837
152.818,153.902,4.822,4.837
152.821,153.881,4.822,4.837
152.824,153.860,4.822,4.837
152.827,153.839,4.822,4.837
152.830,153.818,4.822,4.837
152.833,153.796,4.822,4.837
152.836,153.775,4.822,4.837
152.839,153.754,4.822,4.837
152.842,153.733,4.822,4.837
152.845,153.712,4.822,4.837
152.848,153.690,4.822,4.837
152.851,153.669,4.822,4.837
152.854,153.648,4.822,4.837
152.857,153.627,4.822,4.837
152.860,153.605,4.822,4.837
152.863,153.584,4.822,4.837
152.866,153.563,4.822,4.837
152.869,153.542,4.822,4.837
152.872,153.521,4.822,4.837
152.876,153.499,4.822,4.837
152.879,153.478,4.822,4.837
152.882,153.457,4.822,4.837
152.885,153.436,4.822,4.837
152.888,153.415,4.822,4.837
152.891,153.393,4.822,4.837
152.894,153.372,4.822,4.837
152.897,153.351,4.822,4.837
152.900,153.330,4.822,4.837
152.903,153.308,4.822,4.837
152.906,153.287,4.822,4.837
152.909,153.266,4.822,4.837
152.912,153.245,4.822,4.837
152.945,153.245,4.822,4.837
152.979,153.245,4.822,4.837
153.012,153.245,4.822,4.837
153.045,153.245,4.822,4.837
153.079,153.245,4.822,4.837
153.112,153.245,4.822,4.837
153.145,153.245,4.822,4.837
153.179,153.245,4.822,4.837
153.212,153.245,4.822,4.837
153.232,153.265,4.822,4.837
153.252,153.285,4.822,4.837
153.272,153.305,4.822,4.837
153.292,153.325,4.822,4.837
153.312,153.345,4.822,4.837
153.332,153.365,4.822,4.837
153.352,153.385,4.822,4.837
153.372,153.405,4.822,4.837
153.392,153.425,4.822,4.837
153.412,153.445,4.822,4.837
153.432,153.465,4.822,4.837
153.452,153.485,4.822,4.837
153.472,153.505,4.822,4.837
153.492,153.525,4.822,4.837
153.512,153.545,4.822,4.837
153.512,153.545,4.822,4.837
153.512,153.545,4.822,4.837
153.512,153.545,4.822,4.837
153.512,153.545,4.822,4.837
153.512,153.545,4.822,4.837
153.512,153.545,4.822,4.837
153.512,153.545,4.822,4.837
153.512,153.545,4.822,4.837
153.512,153.545,4.822,4.837
153.512,153.545,4.822,4.837
153.512,153.545,4.822,4.837
153.512,153.545,4.822,4.837
153.512,153.545,4.822,4.837
153.512,153.545,4.822,4.837
153.512,153.545,4.822,4.837
153.512,153.545,4.822,4.837
153.512,153.545,4.822,4.837
153.512,153.545,4.822,4.837
153.512,153.545,4.822,4.837
153.512,153.545,4.822,4.837
153.512,153.545,4.822,4.837
153.512,153.545,4.822,4.837
153.512,153.545,4.822,4.837
153.512,153.545,4.822,4.837
153.512,153.545,4.822,4.837
153.512,153.545,4.822,4.837
153.512,153.545,4.822,4.837
153.512,153.545,4.822,4.837
153.512,153.545,4.822,4.837
153.512,153.545,4.822,4.837
153.512,153.545,4.822,4.837
153.512,153.545,4.822,4.837
153.512,153.545,4.822,4.837
153.512,153.545,4.822,4.837
153.512,153.545,4.822,4.837
153.512,153.545,4.822,4.837
153.512,153.545,4.822,4.837
153.512,153.545,4.822,4.837
153.512,153.545,4.822,4.837
153.512,153.545,4.822,4.837
153.512,153.545,4.822,4.837
153.512,153.545,4.822,4.837
153.512,153.545,4.822,4.837
153.512,153.545,4.822,4.837
153.557,153.554,4.822,4.837
153.603,153.563,4.822,4.837
153.648,153.572,4.822,4.837
153.694,153.581,4.822,4.837
153.739,153.590,4.822,4.837
153.785,153.599,4.822,4.837
153.830,153.608,4.822,4.837
153.876,153.618,4.822,4.837
153.921,153.627,4.822,4.837
153.966,153.636,4.822,4.837
154.012,153.645,4.822,4.837
154.048,153.672,4.822,4.837
154.085,153.699,4.822,4.837
154.121,153.727,4.822,4.837
154.157,153.754,4.822,4.837
154.194,153.781,4.822,4.837
154.230,153.808,4.822,4.837
154.266,153.836,4.822,4.837
154.303,153.863,4.822,4.837
154.339,153.890,4.822,4.837
154.376,153.918,4.822,4.837
154.412,153.945,4.822,4.837
154.383,153.916,4.822,4.837
154.355,153.888,4.822,4.837
154.326,153.859,4.822,4.837
154.298,153.831,4.822,4.837
154.269,153.802,4.822,4.837
154.240,153.773,4.822,4.837
154.212,153.745,4.822,4.837
154.232,153.585,4.822,4.837
154.252,153.425,4.822,4.837
154.272,153.265,4.822,4.837
154.292,153.105,4.822,4.837
154.312,152.945,4.822,4.837
154.352,153.015,4.822,4.837
154.392,153.085,4.822,4.837
154.432,153.155,4.822,4.837
154.472,153.225,4.822,4.837
154.512,153.295,4.822,4.837
154.552,153.365,4.822,4.837
154.592,153.435,4.822,4.837
154.632,153.505,4.822,4.837
154.672,153.575,4.822,4.837
154.712,153.645,4.822,4.837
154.712,153.645,4.822,4.837
154.749,153.707,4.822,4.837
154.787,153.770,4.822,4.837
154.824,153.832,4.822,4.837
154.862,153.895,4.822,4.837
154.899,153.957,4.822,4.837
154.937,154.020,4.822,4.837
154.974,154.082,4.822,4.837
155.012,154.145,4.822,4.837
155.012,154.145,4.822,4.837
155.012,154.145,4.822,4.837
155.012,154.145,4.822,4.837
155.012,154.145,4.822,4.837
155.012,154.145,4.822,4.837
155.012,154.145,4.822,4.837
155.012,154.145,4.822,4.837
155.012,154.145,4.822,4.837
155.012,154.145,4.822,4.837
155.012,154.145,4.822,4.837
155.012,154.257,4.822,4.837
155.012,154.370,4.822,4.837
155.012,154.482,4.822,4.837
155.012,154.595,4.822,4.837
155.012,154.707,4.822,4.837
155.012,154.820,4.822,4.837
155.012,154.932,4.822,4.837
155.012,155.045,4.822,4.837
155.058,155.083,4.822,4.837
155.104,155.122,4.822,4.837
155.150,155.160,4.822,4.837
155.196,155.199,4.822,4.837
155.243,155.237,4.822,4.837
155.289,155.276,4.822,4.837
155.335,155.314,4.822,4.837
155.381,155.353,4.822,4.837
155.427,155.391,4.822,4.837
155.473,155.429,4.822,4.837
155.520,155.468,4.822,4.837
155.566,155.506,4.822,4.837
155.612,155.545,4.822,4.837
155.612,155.545,4.822,4.837
155.612,155.545,4.822,4.837
155.612,155.545,4.822,4.837
155.612,155.545,4.822,4.837
155.612,155.545,4.822,4.837
155.612,155.545,4.822,4.837
155.612,155.545,4.822,4.837
155.612,155.545,4.822,4.837
155.612,155.545,4.822,4.837
155.612,155.545,4.822,4.837
155.612,155.545,4.822,4.837
155.612,155.545,4.822,4.837
155.612,155.545,4.822,4.837
155.612,155.545,4.822,4.837
155.612,155.545,4.822,4.837
155.612,155.545,4.822,4.837
155.612,155.545,4.822,4.837
155.612,155.395,4.822,4.837
