159.700,149.700,4.500,7.300
159.650,150.018,4.496,7.319
159.600,150.337,4.491,7.339
159.550,150.655,4.487,7.358
159.500,150.973,4.483,7.378
159.450,151.292,4.478,7.397
159.400,151.610,4.474,7.417
159.350,151.928,4.470,7.436
159.300,152.247,4.466,7.456
159.250,152.565,4.461,7.475
159.200,152.883,4.457,7.495
159.150,153.202,4.453,7.514
159.100,153.520,4.448,7.534
159.050,153.838,4.444,7.553
159.000,154.157,4.440,7.572
158.950,154.475,4.435,7.592
158.900,154.793,4.431,7.611
158.850,155.112,4.427,7.631
158.800,155.430,4.422,7.650
158.750,155.748,4.418,7.670
158.700,156.067,4.414,7.689
158.640,156.385,4.420,7.709
158.566,156.703,4.440,7.728
158.491,157.022,4.460,7.748
158.417,157.340,4.480,7.767
158.343,157.658,4.517,7.787
158.268,157.977,4.566,7.806
158.194,158.295,4.614,7.825
158.120,158.613,4.663,7.845
158.045,158.932,4.712,7.864
157.971,159.250,4.760,7.884
157.897,159.568,4.809,7.903
157.823,159.887,4.858,7.923
157.750,160.207,4.823,7.897
157.678,160.528,4.788,7.870
157.605,160.849,4.753,7.844
157.533,161.170,4.718,7.818
157.461,161.491,4.684,7.792
157.388,161.812,4.649,7.765
157.316,162.133,4.614,7.739
157.244,162.453,4.579,7.713
157.171,162.774,4.544,7.687
157.099,163.095,4.509,7.660
157.026,163.416,4.479,7.634
156.954,163.737,4.465,7.608
156.882,164.058,4.450,7.582
156.809,164.379,4.435,7.556
156.737,164.699,4.421,7.529
156.659,165.020,4.411,7.503
156.569,165.341,4.414,7.477
156.479,165.662,4.418,7.451
156.389,165.983,4.421,7.424
156.299,166.304,4.424,7.398
156.209,166.625,4.427,7.372
156.119,166.945,4.430,7.346
156.029,167.266,4.433,7.320
155.939,167.587,4.436,7.293
155.849,167.908,4.439,7.267
155.759,168.229,4.442,7.241
155.669,168.550,4.445,7.215
155.579,168.871,4.448,7.188
155.489,169.191,4.451,7.162
155.399,169.512,4.454,7.136
155.308,169.833,4.457,7.110
155.218,170.154,4.461,7.084
155.128,170.475,4.464,7.057
155.038,170.796,4.467,7.031
154.948,171.117,4.470,7.005
154.858,171.437,4.473,6.979
154.768,171.758,4.476,6.952
154.678,172.079,4.479,6.926
154.588,172.400,4.482,6.900
154.518,172.617,4.482,6.902
154.449,172.835,4.481,6.904
154.379,173.052,4.481,6.907
154.309,173.270,4.480,6.909
154.239,173.487,4.480,6.911
154.170,173.705,4.480,6.913
154.100,173.922,4.479,6.915
154.030,174.140,4.479,6.917
153.960,174.357,4.478,6.920
153.891,174.575,4.478,6.922
153.821,174.792,4.478,6.924
153.751,175.010,4.477,6.926
153.682,175.227,4.477,6.928
153.612,175.445,4.476,6.930
153.542,175.662,4.476,6.933
153.472,175.880,4.476,6.935
153.403,176.097,4.475,6.937
153.333,176.315,4.475,6.939
153.263,176.532,4.474,6.941
153.193,176.750,4.474,6.943
153.124,176.967,4.474,6.946
153.054,177.185,4.473,6.948
152.984,177.402,4.473,6.950
152.915,177.620,4.472,6.952
152.845,177.837,4.472,6.954
152.775,178.055,4.472,6.957
152.705,178.272,4.471,6.959
152.636,178.490,4.471,6.961
152.566,178.707,4.470,6.963
152.496,178.925,4.470,6.965
152.426,179.142,4.470,6.967
152.357,179.360,4.469,6.970
152.287,179.577,4.469,6.972
152.217,179.795,4.468,6.974
152.148,180.012,4.468,6.976
152.078,180.230,4.468,6.978
152.008,180.447,4.467,6.980
151.938,180.665,4.467,6.983
151.869,180.882,4.466,6.985
151.799,181.100,4.466,6.987
151.729,181.317,4.466,6.989
151.659,181.535,4.465,6.991
151.590,181.752,4.465,6.994
151.598,181.985,4.465,6.994
151.606,182.219,4.465,6.994
151.615,182.452,4.465,6.994
151.623,182.685,4.465,6.994
151.631,182.919,4.465,6.994
151.640,183.152,4.465,6.994
151.648,183.385,4.465,6.994
151.656,183.619,4.465,6.994
151.665,183.852,4.465,6.994
151.673,184.085,4.465,6.994
151.681,184.319,4.465,6.994
151.690,184.552,4.465,6.994
151.654,184.695,4.465,6.994
151.618,184.838,4.465,6.994
151.583,184.981,4.465,6.994
151.547,185.123,4.465,6.994
151.511,185.266,4.465,6.994
151.475,185.409,4.465,6.994
151.440,185.552,4.465,6.994
151.404,185.695,4.465,6.994
151.368,185.838,4.465,6.994
151.333,185.981,4.465,6.994
151.297,186.123,4.465,6.994
151.261,186.266,4.465,6.994
151.225,186.409,4.465,6.994
151.190,186.552,4.465,6.994
151.159,186.706,4.465,6.994
151.128,186.860,4.465,6.994
151.097,187.014,4.465,6.994
151.067,187.167,4.465,6.994
151.036,187.321,4.465,6.994
151.005,187.475,4.465,6.994
150.974,187.629,4.465,6.994
150.944,187.783,4.465,6.994
150.913,187.937,4.465,6.994
150.882,188.091,4.465,6.994
150.851,188.244,4.465,6.994
150.820,188.398,4.465,6.994
150.790,188.552,4.465,6.994
150.756,188.635,4.465,6.994
150.723,188.719,4.465,6.994
150.690,188.802,4.465,6.994
150.656,188.885,4.465,6.994
150.623,188.969,4.465,6.994
150.590,189.052,4.465,6.994
150.556,189.135,4.465,6.994
150.523,189.219,4.465,6.994
150.490,189.302,4.465,6.994
150.456,189.385,4.465,6.994
150.423,189.469,4.465,6.994
150.390,189.552,4.465,6.994
150.374,189.660,4.465,6.994
150.359,189.767,4.465,6.994
150.344,189.875,4.465,6.994
150.328,189.983,4.465,6.994
150.313,190.091,4.465,6.994
150.297,190.198,4.465,6.994
150.282,190.306,4.465,6.994
150.267,190.414,4.465,6.994
150.251,190.521,4.465,6.994
150.236,190.629,4.465,6.994
150.220,190.737,4.465,6.994
150.205,190.844,4.465,6.994
150.190,190.952,4.465,6.994
150.172,191.046,4.465,6.994
150.154,191.140,4.465,6.994
150.137,191.234,4.465,6.994
150.119,191.329,4.465,6.994
150.101,191.423,4.465,6.994
150.084,191.517,4.465,6.994
150.066,191.611,4.465,6.994
150.049,191.705,4.465,6.994
150.031,191.799,4.465,6.994
150.013,191.893,4.465,6.994
149.996,191.987,4.465,6.994
149.978,192.081,4.465,6.994
149.960,192.176,4.465,6.994
149.943,192.270,4.465,6.994
149.925,192.364,4.465,6.994
149.907,192.458,4.465,6.994
149.890,192.552,4.465,6.994
149.902,192.625,4.466,6.984
149.914,192.698,4.468,6.974
149.926,192.771,4.469,6.964
149.938,192.844,4.470,6.954
149.950,192.918,4.471,6.944
149.962,192.991,4.473,6.934
149.974,193.064,4.474,6.924
149.986,193.137,4.475,6.914
149.998,193.210,4.477,6.904
150.010,193.283,4.478,6.894
150.022,193.356,4.479,6.884
150.034,193.429,4.481,6.874
150.046,193.502,4.482,6.864
150.058,193.575,4.483,6.854
150.070,193.648,4.484,6.844
150.082,193.722,4.486,6.834
150.094,193.795,4.487,6.824
150.106,193.868,4.488,6.814
150.118,193.941,4.490,6.804
150.130,194.014,4.491,6.794
150.142,194.087,4.492,6.784
150.155,194.160,4.494,6.774
150.167,194.233,4.495,6.764
150.179,194.306,4.496,6.754
150.191,194.379,4.498,6.744
150.200,194.429,4.497,6.726
150.210,194.479,4.496,6.709
150.219,194.522,4.495,6.710
150.229,194.557,4.494,6.723
150.238,194.592,4.493,6.735
150.248,194.627,4.492,6.747
150.257,194.662,4.491,6.759
150.267,194.697,4.489,6.771
150.276,194.732,4.488,6.783
150.286,194.767,4.487,6.795
150.295,194.802,4.486,6.807
150.305,194.837,4.485,6.819
150.314,194.872,4.484,6.831
150.324,194.907,4.483,6.843
150.333,194.942,4.482,6.855
150.342,194.977,4.481,6.867
150.352,195.012,4.480,6.879
150.361,195.047,4.479,6.891
150.371,195.082,4.478,6.904
150.380,195.117,4.477,6.916
150.390,195.152,4.476,6.928
150.399,195.187,4.475,6.940
150.409,195.222,4.474,6.952
150.418,195.257,4.473,6.964
150.428,195.292,4.472,6.976
150.437,195.327,4.471,6.988
150.447,195.362,4.470,7.000
150.456,195.397,4.469,7.012
150.466,195.432,4.468,7.024
150.475,195.467,4.467,7.036
150.485,195.502,4.466,7.048
150.494,195.537,4.465,7.060
150.504,195.572,4.464,7.072
150.513,195.607,4.463,7.085
150.523,195.642,4.462,7.097
150.532,195.677,4.461,7.109
150.542,195.712,4.460,7.121
150.558,195.768,4.459,7.123
150.575,195.825,4.458,7.126
150.591,195.881,4.457,7.129
150.603,195.938,4.460,7.131
150.614,195.995,4.465,7.134
150.624,196.051,4.469,7.137
150.635,196.108,4.473,7.139
150.646,196.164,4.478,7.142
150.657,196.221,4.482,7.144
150.668,196.278,4.486,7.147
150.679,196.334,4.490,7.150
150.690,196.391,4.495,7.152
150.701,196.447,4.499,7.155
150.712,196.504,4.503,7.158
150.723,196.561,4.508,7.160
150.734,196.617,4.512,7.163
150.745,196.674,4.516,7.166
150.756,196.730,4.521,7.168
150.767,196.787,4.525,7.171
150.778,196.843,4.529,7.173
150.788,196.900,4.534,7.176
150.799,196.957,4.538,7.179
150.810,197.013,4.542,7.181
150.821,197.070,4.546,7.184
150.832,197.126,4.551,7.187
150.843,197.183,4.555,7.189
150.854,197.240,4.559,7.192
150.865,197.296,4.564,7.194
150.876,197.353,4.568,7.197
150.887,197.409,4.572,7.200
150.898,197.466,4.577,7.202
150.909,197.523,4.581,7.205
150.920,197.579,4.585,7.208
150.931,197.636,4.594,7.210
150.941,197.692,4.603,7.213
150.952,197.749,4.612,7.216
150.963,197.806,4.621,7.218
150.974,197.862,4.631,7.221
150.985,197.919,4.640,7.223
150.996,197.975,4.649,7.226
151.007,198.032,4.658,7.229
151.018,198.089,4.667,7.231
151.029,198.145,4.677,7.234
151.040,198.202,4.686,7.237
151.051,198.258,4.695,7.239
151.066,198.313,4.764,7.226
151.081,198.367,4.832,7.213
151.097,198.422,4.901,7.199
151.112,198.477,4.969,7.186
151.127,198.531,5.038,7.173
151.142,198.586,5.106,7.159
151.158,198.640,5.175,7.146
151.173,198.695,5.243,7.133
151.188,198.750,5.312,7.119
151.204,198.804,5.380,7.106
151.219,198.859,5.449,7.093
151.234,198.913,5.517,7.079
151.249,198.968,5.586,7.066
151.265,199.023,5.654,7.053
151.280,199.077,5.723,7.040
151.295,199.132,5.791,7.026
151.311,199.186,5.860,7.013
151.326,199.241,5.928,7.000
151.341,199.296,5.997,6.986
151.356,199.350,6.065,6.973
151.372,199.405,6.134,6.960
151.387,199.459,6.202,6.946
151.402,199.514,6.271,6.933
151.418,199.569,6.339,6.920
151.433,199.623,6.408,6.906
151.448,199.678,6.476,6.893
151.463,199.732,6.545,6.880
151.479,199.787,6.613,6.866
151.494,199.842,6.682,6.853
151.509,199.896,6.750,6.840
151.525,199.951,6.819,6.826
151.540,200.005,6.887,6.813
151.555,200.060,6.956,6.800
151.570,200.115,7.024,6.786
151.586,200.169,7.093,6.773
151.601,200.224,7.161,6.760
151.729,200.323,7.168,6.725
151.856,200.423,7.176,6.690
151.984,200.522,7.183,6.654
152.111,200.621,7.190,6.619
152.239,200.721,7.197,6.584
152.367,200.820,7.204,6.549
152.494,200.919,7.212,6.514
152.622,201.019,7.219,6.479
152.749,201.118,7.226,6.444
152.877,201.217,7.233,6.409
153.004,201.317,7.241,6.374
153.132,201.416,7.248,6.338
153.260,201.515,7.255,6.303
153.387,201.615,7.262,6.268
153.515,201.714,7.269,6.233
153.642,201.813,7.277,6.198
153.770,201.913,7.284,6.163
153.898,202.012,7.291,6.128
154.025,202.111,7.298,6.093
154.153,202.211,7.306,6.058
154.280,202.310,7.313,6.022
154.408,202.410,7.320,5.987
154.535,202.509,7.327,5.952
154.663,202.608,7.335,5.917
154.791,202.708,7.342,5.882
154.918,202.807,7.349,5.847
155.046,202.906,7.356,5.812
155.173,203.006,7.363,5.777
155.301,203.105,7.371,5.742
155.429,203.204,7.378,5.706
155.556,203.304,7.385,5.671
155.684,203.403,7.392,5.636
155.811,203.502,7.400,5.601
155.939,203.602,7.407,5.566
156.067,203.701,7.414,5.531
156.194,203.800,7.421,5.496
156.322,203.900,7.428,5.461
156.449,203.999,7.436,5.426
156.620,204.052,7.420,5.372
156.791,204.106,7.405,5.318
156.961,204.159,7.389,5.264
157.132,204.212,7.374,5.211
157.303,204.265,7.359,5.157
157.473,204.318,7.343,5.103
157.644,204.372,7.328,5.050
157.815,204.425,7.312,4.996
157.985,204.478,7.297,4.942
158.156,204.531,7.282,4.889
158.327,204.585,7.266,4.835
158.497,204.638,7.251,4.781
158.668,204.691,7.235,4.728
158.839,204.744,7.220,4.674
159.009,204.797,7.205,4.620
159.180,204.851,7.189,4.567
159.351,204.904,7.174,4.513
159.521,204.957,7.158,4.459
159.692,205.010,7.143,4.406
159.863,205.038,7.127,4.377
160.033,205.058,7.112,4.357
160.204,205.077,7.097,4.338
160.375,205.097,7.081,4.336
160.545,205.116,7.066,4.347
160.716,205.135,7.050,4.357
160.887,205.155,7.035,4.367
161.057,205.174,7.020,4.377
161.228,205.194,7.004,4.387
161.399,205.213,6.989,4.397
161.569,205.233,6.973,4.407
161.740,205.252,6.958,4.418
161.911,205.271,6.943,4.428
162.081,205.291,6.927,4.438
162.252,205.310,6.912,4.448
162.423,205.330,6.896,4.458
162.593,205.349,6.881,4.468
162.764,205.368,6.865,4.478
162.935,205.388,6.850,4.489
163.127,205.418,6.855,4.488
163.319,205.449,6.860,4.487
163.511,205.480,6.865,4.486
163.703,205.510,6.870,4.485
163.895,205.541,6.875,4.484
164.087,205.571,6.880,4.483
164.279,205.602,6.885,4.482
164.471,205.632,6.891,4.481
164.663,205.663,6.896,4.480
164.855,205.694,6.901,4.479
165.047,205.724,6.904,4.441
165.240,205.755,6.908,4.403
165.432,205.786,6.912,4.364
165.625,205.816,6.916,4.326
165.817,205.847,6.920,4.288
166.010,205.878,6.923,4.249
166.203,205.909,6.927,4.211
166.395,205.939,6.931,4.173
166.588,205.970,6.935,4.134
166.780,206.001,6.939,4.096
166.973,206.032,6.942,4.058
167.165,206.062,6.946,4.020
167.358,206.093,6.950,3.981
167.550,206.124,6.954,3.943
167.743,206.155,6.958,3.905
167.935,206.185,6.961,3.877
168.128,206.216,6.965,3.865
168.320,206.247,6.969,3.853
168.513,206.277,6.973,3.840
168.705,206.308,6.976,3.828
168.898,206.339,6.980,3.816
169.090,206.370,6.984,3.804
169.283,206.400,6.988,3.792
169.475,206.431,6.992,3.779
169.668,206.462,6.995,3.767
169.860,206.493,6.999,3.755
170.053,206.507,7.003,3.759
170.245,206.517,7.007,3.768
170.438,206.526,7.011,3.777
170.653,206.559,7.019,3.803
170.868,206.592,7.027,3.828
171.083,206.625,7.035,3.854
171.298,206.659,7.043,3.879
171.513,206.692,7.052,3.905
171.728,206.725,7.060,3.931
171.943,206.758,7.068,3.956
172.158,206.791,7.076,3.982
172.373,206.824,7.085,4.007
172.588,206.858,7.093,4.033
172.803,206.891,7.101,4.058
173.018,206.924,7.109,4.084
173.233,206.957,7.117,4.109
173.448,206.990,7.126,4.135
173.663,207.023,7.134,4.160
173.878,207.056,7.142,4.186
174.093,207.090,7.150,4.211
174.308,207.123,7.158,4.237
174.523,207.156,7.167,4.262
174.738,207.189,7.175,4.288
174.953,207.222,7.183,4.314
175.168,207.255,7.191,4.339
175.383,207.289,7.200,4.365
175.598,207.322,7.208,4.390
175.813,207.355,7.216,4.416
176.028,207.388,7.224,4.441
176.243,207.421,7.232,4.467
176.458,207.454,7.241,4.492
176.673,207.487,7.249,4.518
176.888,207.521,7.257,4.543
177.103,207.554,7.265,4.569
177.318,207.587,7.273,4.594
177.533,207.620,7.282,4.620
177.748,207.653,7.290,4.645
177.964,207.686,7.298,4.671
178.179,207.720,7.306,4.697
178.394,207.753,7.315,4.722
178.527,207.764,7.315,4.722
178.660,207.775,7.315,4.722
178.794,207.786,7.315,4.722
178.927,207.797,7.315,4.722
179.060,207.808,7.315,4.722
179.194,207.819,7.315,4.722
179.327,207.830,7.315,4.722
179.460,207.842,7.315,4.722
