150.640,296.100,5.200,4.700
150.940,295.750,5.200,4.700
151.240,295.400,5.200,4.700
151.861,295.092,5.200,4.700
152.482,294.783,5.200,4.700
153.103,294.475,5.200,4.700
153.723,294.167,5.200,4.700
154.344,293.858,5.200,4.700
154.965,293.550,5.200,4.700
155.586,293.242,5.200,4.700
156.207,292.933,5.200,4.700
156.827,292.625,5.200,4.700
157.448,292.317,5.200,4.700
158.069,292.008,5.200,4.700
158.690,291.700,5.200,4.700
159.311,291.392,5.200,4.700
159.932,291.083,5.200,4.700
160.553,290.775,5.200,4.700
161.173,290.467,5.200,4.700
161.794,290.158,5.200,4.700
162.415,289.850,5.200,4.700
163.036,289.542,5.200,4.700
163.657,289.233,5.200,4.700
164.277,288.925,5.200,4.700
164.898,288.617,5.200,4.700
165.519,288.308,5.200,4.700
166.140,288.000,5.200,4.700
166.770,287.700,5.200,4.700
167.390,287.400,5.200,4.700
168.020,287.100,5.200,4.700
168.640,286.800,5.200,4.700
169.260,286.500,5.200,4.700
169.890,286.200,5.200,4.700
170.510,285.900,5.200,4.700
171.140,285.600,5.200,4.700
171.760,285.300,5.200,4.700
172.380,285.000,5.200,4.700
173.010,284.700,5.200,4.700
173.630,284.400,5.200,4.700
174.260,284.100,5.200,4.700
174.880,283.800,5.200,4.700
175.500,283.500,5.200,4.700
176.130,283.200,5.200,4.700
176.750,282.900,5.200,4.700
177.380,282.600,5.200,4.700
178.000,282.300,5.200,4.700
178.620,282.000,5.200,4.700
179.250,281.700,5.200,4.700
179.870,281.400,5.200,4.700
180.500,281.100,5.200,4.700
181.120,280.800,5.200,4.700
181.740,280.480,5.200,4.700
182.360,280.150,5.200,4.700
182.980,279.830,5.200,4.700
183.600,279.500,5.200,4.700
184.220,279.180,5.200,4.700
184.840,278.860,5.200,4.700
185.460,278.530,5.200,4.700
186.080,278.210,5.200,4.700
186.700,277.880,5.200,4.700
187.320,277.560,5.200,4.700
187.940,277.240,5.200,4.700
188.560,276.910,5.200,4.700
189.180,276.590,5.200,4.700
189.800,276.260,5.200,4.700
190.420,275.940,5.200,4.700
191.040,275.620,5.200,4.700
191.660,275.290,5.200,4.700
192.280,274.970,5.200,4.700
192.900,274.640,5.200,4.700
193.520,274.320,5.200,4.700
194.140,274.000,5.200,4.700
194.760,273.670,5.200,4.700
195.380,273.350,5.200,4.700
196.000,273.020,5.200,4.700
196.620,272.700,5.200,4.700
197.260,272.370,5.200,4.700
197.900,272.040,5.200,4.700
198.540,271.720,5.200,4.700
199.180,271.390,5.200,4.700
199.820,271.060,5.200,4.700
200.460,270.730,5.200,4.700
201.100,270.400,5.200,4.700
201.740,270.080,5.200,4.700
202.380,269.750,5.200,4.700
203.020,269.420,5.200,4.700
203.660,269.090,5.200,4.700
204.300,268.760,5.200,4.700
204.940,268.440,5.200,4.700
205.580,268.110,5.200,4.700
206.220,267.780,5.200,4.700
206.860,267.450,5.200,4.700
207.500,267.120,5.200,4.700
208.140,266.800,5.200,4.700
208.780,266.470,5.200,4.700
209.420,266.140,5.200,4.700
210.060,265.810,5.200,4.700
210.700,265.480,5.200,4.700
211.340,265.160,5.200,4.700
211.980,264.830,5.200,4.700
212.620,264.500,5.200,4.700
213.290,264.150,5.200,4.700
213.960,263.800,5.200,4.700
214.620,263.440,5.200,4.700
215.290,263.090,5.200,4.700
215.960,262.740,5.200,4.700
216.630,262.390,5.200,4.700
217.300,262.040,5.200,4.700
217.960,261.680,5.200,4.700
218.630,261.330,5.200,4.700
219.300,260.980,5.200,4.700
219.970,260.630,5.200,4.700
220.640,260.280,5.200,4.700
221.300,259.920,5.200,4.700
221.970,259.570,5.200,4.700
222.640,259.220,5.200,4.700
223.310,258.870,5.200,4.700
223.980,258.520,5.200,4.700
224.640,258.160,5.200,4.700
225.310,257.810,5.200,4.700
225.980,257.460,5.200,4.700
226.650,257.110,5.200,4.700
227.320,256.760,5.200,4.700
227.980,256.400,5.200,4.700
228.650,256.050,5.200,4.700
229.320,255.700,5.200,4.700
229.980,255.400,5.200,4.700
230.630,255.100,5.200,4.700
231.290,254.800,5.200,4.700
231.940,254.500,5.200,4.700
232.600,254.200,5.200,4.700
233.260,253.900,5.200,4.700
233.910,253.600,5.200,4.700
234.570,253.300,5.200,4.700
235.220,253.000,5.200,4.700
235.880,252.700,5.200,4.700
236.540,252.400,5.200,4.700
237.190,252.100,5.200,4.700
237.850,251.800,5.200,4.700
238.500,251.500,5.200,4.700
239.160,251.200,5.200,4.700
239.820,250.900,5.200,4.700
240.470,250.600,5.200,4.700
241.130,250.300,5.200,4.700
241.780,250.000,5.200,4.700
242.440,249.700,5.200,4.700
243.100,249.400,5.200,4.700
243.750,249.100,5.200,4.700
244.410,248.800,5.200,4.700
245.060,248.500,5.200,4.700
245.720,248.200,5.200,4.700
246.410,247.890,5.180,4.660
247.100,247.580,5.160,4.620
247.780,247.270,5.140,4.590
248.470,246.960,5.120,4.550
249.160,246.650,5.100,4.510
249.850,246.340,5.080,4.470
250.540,246.030,5.060,4.430
251.220,245.720,5.040,4.400
251.910,245.410,5.020,4.360
252.600,245.100,5.000,4.320
253.260,244.730,5.010,4.340
253.920,244.350,5.030,4.370
254.580,243.980,5.040,4.400
255.250,243.610,5.050,4.420
255.910,243.230,5.060,4.450
256.570,242.860,5.080,4.470
257.230,242.490,5.090,4.490
257.890,242.110,5.110,4.530
258.550,241.740,5.120,4.550
259.210,241.370,5.140,4.570
259.880,240.990,5.140,4.600
260.540,240.620,5.160,4.620
261.200,240.250,5.170,4.650
261.860,239.870,5.190,4.680
262.520,239.500,5.200,4.700
263.210,239.160,5.200,4.700
263.900,238.820,5.200,4.700
264.580,238.480,5.200,4.700
265.270,238.140,5.200,4.700
265.960,237.800,5.200,4.700
266.650,237.460,5.200,4.700
267.340,237.120,5.200,4.700
268.020,236.780,5.200,4.700
268.710,236.440,5.200,4.700
269.400,236.100,5.200,4.700
270.090,235.760,5.200,4.700
270.780,235.420,5.200,4.700
271.460,235.080,5.200,4.700
272.150,234.740,5.200,4.700
272.840,234.400,5.200,4.700
273.530,234.060,5.200,4.700
274.220,233.720,5.200,4.700
274.900,233.380,5.200,4.700
275.590,233.040,5.200,4.700
276.280,232.700,5.200,4.700
276.970,232.360,5.200,4.700
277.660,232.020,5.200,4.700
278.340,231.680,5.200,4.700
279.030,231.340,5.200,4.700
279.720,231.000,5.200,4.700
280.390,230.680,5.200,4.700
281.060,230.350,5.200,4.700
281.740,230.030,5.200,4.700
282.410,229.700,5.200,4.700
283.080,229.380,5.200,4.700
283.750,229.060,5.200,4.700
284.420,228.730,5.200,4.700
285.100,228.410,5.200,4.700
285.770,228.080,5.200,4.700
286.440,227.760,5.200,4.700
287.110,227.440,5.200,4.700
287.780,227.110,5.200,4.700
288.460,226.790,5.200,4.700
289.130,226.460,5.200,4.700
289.800,226.140,5.200,4.700
290.470,225.820,5.200,4.700
291.140,225.490,5.200,4.700
291.820,225.170,5.200,4.700
292.490,224.840,5.200,4.700
293.160,224.520,5.200,4.700
293.830,224.200,5.200,4.700
294.500,223.870,5.200,4.700
295.180,223.550,5.200,4.700
295.850,223.220,5.200,4.700
296.520,222.900,5.200,4.700
297.200,222.580,5.200,4.700
297.880,222.260,5.200,4.700
298.560,221.940,5.200,4.700
299.240,221.620,5.200,4.700
299.920,221.300,5.200,4.700
300.600,220.980,5.200,4.700
301.280,220.660,5.200,4.700
301.960,220.340,5.200,4.700
302.640,220.020,5.200,4.700
303.320,219.700,5.200,4.700
304.000,219.380,5.200,4.700
304.680,219.060,5.200,4.700
305.360,218.740,5.200,4.700
306.040,218.420,5.200,4.700
306.720,218.100,5.200,4.700
307.400,217.780,5.200,4.700
308.080,217.460,5.200,4.700
308.760,217.140,5.200,4.700
309.440,216.820,5.200,4.700
310.120,216.500,5.200,4.700
310.800,216.180,5.200,4.700
311.480,215.860,5.200,4.700
312.160,215.540,5.200,4.700
312.840,215.220,5.200,4.700
313.520,214.900,5.200,4.700
314.190,214.560,5.200,4.700
314.860,214.230,5.200,4.700
315.520,213.890,5.200,4.700
316.190,213.560,5.200,4.700
316.860,213.220,5.200,4.700
317.530,212.880,5.200,4.700
318.200,212.550,5.200,4.700
318.860,212.210,5.200,4.700
319.530,211.880,5.200,4.700
320.200,211.540,5.200,4.700
320.870,211.200,5.200,4.700
321.540,210.870,5.200,4.700
322.200,210.530,5.200,4.700
322.870,210.200,5.200,4.700
323.540,209.860,5.200,4.700
324.210,209.520,5.200,4.700
324.880,209.190,5.200,4.700
325.540,208.850,5.200,4.700
326.210,208.520,5.200,4.700
326.880,208.180,5.200,4.700
327.550,207.840,5.200,4.700
328.220,207.510,5.200,4.700
328.880,207.170,5.200,4.700
329.550,206.840,5.200,4.700
330.220,206.500,5.200,4.700
330.870,206.200,5.190,4.680
331.520,205.890,5.190,4.660
332.160,205.590,5.190,4.640
332.810,205.280,5.180,4.620
333.460,204.980,5.180,4.600
334.100,204.680,5.180,4.580
334.750,204.370,5.170,4.560
335.400,204.070,5.170,4.540
336.050,203.760,5.160,4.520
336.690,203.460,5.160,4.500
337.340,203.160,5.160,4.480
337.990,202.850,5.150,4.460
338.630,202.550,5.150,4.440
339.280,202.240,5.150,4.420
339.930,201.940,5.140,4.400
340.580,201.640,5.130,4.380
341.220,201.330,5.130,4.360
341.870,201.030,5.130,4.340
342.520,200.720,5.120,4.320
343.160,200.420,5.120,4.300
343.810,200.120,5.120,4.280
344.460,199.810,5.110,4.260
345.110,199.510,5.100,4.240
345.750,199.200,5.110,4.220
346.400,198.900,5.100,4.200
347.020,198.610,5.100,4.200
347.650,198.320,5.100,4.200
348.270,198.040,5.100,4.200
348.900,197.750,5.100,4.200
349.520,197.460,5.100,4.200
350.140,197.170,5.100,4.200
350.770,196.880,5.100,4.200
351.390,196.600,5.100,4.200
352.020,196.310,5.100,4.200
352.640,196.020,5.100,4.200
353.260,195.730,5.100,4.200
353.890,195.440,5.100,4.200
354.510,195.160,5.100,4.200
355.140,194.870,5.100,4.200
355.760,194.580,5.100,4.200
356.380,194.290,5.100,4.200
357.010,194.000,5.100,4.200
357.630,193.720,5.100,4.200
358.226,193.331,5.129,4.314
358.821,192.943,5.157,4.429
359.417,192.554,5.186,4.543
360.013,192.166,5.214,4.657
360.609,191.777,5.243,4.771
361.204,191.389,5.271,4.886
361.800,191.000,5.300,5.000
362.300,190.567,5.300,5.000
362.800,190.133,5.300,5.000
363.300,189.700,5.300,5.000
363.936,189.382,5.300,5.000
364.573,189.064,5.300,5.000
365.209,188.745,5.300,5.000
365.845,188.427,5.300,5.000
366.482,188.109,5.300,5.000
367.118,187.791,5.300,5.000
367.755,187.473,5.300,5.000
368.391,187.155,5.300,5.000
369.027,186.836,5.300,5.000
369.664,186.518,5.300,5.000
370.300,186.200,5.300,5.000
370.973,185.940,5.300,5.000
371.647,185.680,5.300,5.000
372.320,185.420,5.300,5.000
372.993,185.160,5.300,5.000
373.667,184.900,5.300,5.000
374.340,184.640,5.300,5.000
375.013,184.380,5.300,5.000
375.687,184.120,5.300,5.000
376.360,183.860,5.300,5.000
377.033,183.600,5.300,5.000
377.707,183.340,5.300,5.000
378.380,183.080,5.300,5.000
379.053,182.820,5.300,5.000
379.727,182.560,5.300,5.000
380.400,182.300,5.300,5.000
381.060,182.047,5.300,5.000
381.720,181.793,5.300,5.000
382.380,181.540,5.300,5.000
383.040,181.287,5.300,5.000
383.700,181.033,5.300,5.000
384.360,180.780,5.300,5.000
385.020,180.527,5.300,5.000
385.680,180.273,5.300,5.000
386.340,180.020,5.300,5.000
387.000,179.767,5.300,5.000
387.660,179.513,5.300,5.000
388.316,179.259,5.267,4.947
388.972,179.005,5.233,4.893
389.628,178.751,5.200,4.840
390.284,178.496,5.167,4.787
390.940,178.242,5.133,4.733
391.596,177.988,5.100,4.680
392.252,177.734,5.067,4.627
392.908,177.480,5.033,4.573
393.564,177.225,5.000,4.520
394.220,176.971,4.967,4.467
394.876,176.717,4.933,4.413
395.532,176.463,4.900,4.360
396.188,176.208,4.867,4.307
396.844,175.954,4.833,4.253
397.500,175.700,4.800,4.200
398.175,175.438,4.800,4.200
398.850,175.175,4.800,4.200
399.525,174.912,4.800,4.200
400.200,174.650,4.800,4.200
400.875,174.387,4.800,4.200
401.550,174.125,4.800,4.200
402.225,173.862,4.800,4.200
402.900,173.600,4.800,4.200
403.575,173.337,4.800,4.200
404.250,173.075,4.800,4.200
404.925,172.812,4.800,4.200
405.600,172.550,4.800,4.200
406.275,172.287,4.800,4.200
406.950,172.025,4.800,4.200
407.625,171.762,4.800,4.200
408.300,171.500,4.800,4.200
408.970,171.278,4.798,4.197
409.640,171.057,4.797,4.194
410.309,170.835,4.795,4.191
410.979,170.614,4.794,4.188
411.649,170.392,4.792,4.185
412.319,170.171,4.791,4.182
412.989,169.949,4.789,4.179
413.658,169.727,4.788,4.176
414.328,169.506,4.786,4.173
414.998,169.284,4.785,4.170
415.668,169.063,4.783,4.167
416.338,168.841,4.782,4.164
417.051,168.628,4.782,4.164
417.764,168.414,4.782,4.164
418.478,168.201,4.782,4.164
419.191,167.988,4.782,4.164
419.904,167.774,4.782,4.164
420.618,167.561,4.782,4.164
421.331,167.348,4.782,4.164
422.044,167.134,4.782,4.164
422.758,166.921,4.782,4.164
423.471,166.708,4.782,4.164
424.184,166.494,4.782,4.164
424.898,166.281,4.782,4.164
425.611,166.068,4.782,4.164
426.324,165.854,4.782,4.164
427.038,165.641,4.782,4.164
427.738,165.341,4.782,4.164
428.438,165.041,4.782,4.164
429.188,164.691,4.782,4.164
429.938,164.341,4.782,4.164
430.688,163.991,4.782,4.164
431.438,163.641,4.782,4.164
431.938,162.941,4.782,4.164
432.538,162.941,4.782,4.164
433.138,162.941,4.782,4.164
433.838,162.691,4.782,4.164
434.538,162.441,4.782,4.164
435.238,162.191,4.782,4.164
435.938,161.941,4.782,4.164
436.638,161.691,4.782,4.164
437.338,161.441,4.782,4.164
438.038,161.191,4.782,4.164
438.738,160.941,4.782,4.164
439.416,160.763,4.782,4.164
440.095,160.584,4.782,4.164
440.773,160.405,4.782,4.164
441.452,160.227,4.782,4.164
442.130,160.048,4.782,4.164
442.809,159.870,4.782,4.164
443.488,159.691,4.782,4.164
444.166,159.513,4.782,4.164
444.931,159.318,4.739,4.135
445.695,159.123,4.696,4.106
446.460,158.929,4.654,4.077
447.225,158.734,4.611,4.048
447.989,158.540,4.569,4.019
448.754,158.345,4.526,3.990
449.518,158.151,4.483,3.961
450.283,157.956,4.441,3.932
451.048,157.762,4.398,3.903
451.812,157.567,4.356,3.874
452.577,157.373,4.313,3.845
453.342,157.178,4.270,3.816
454.106,156.984,4.228,3.787
454.871,156.789,4.185,3.758
455.635,156.595,4.143,3.729
456.400,156.400,4.100,3.700
457.120,156.340,4.110,3.400
457.830,156.130,4.100,3.400
458.540,155.930,4.100,3.400
459.250,155.720,4.100,3.400
459.960,155.520,4.100,3.400
460.670,155.320,4.100,3.400
461.380,155.110,4.100,3.400
462.080,154.910,4.100,3.400
462.790,154.700,4.100,3.400
463.500,154.500,4.100,3.400
464.190,154.330,4.110,3.400
464.890,154.150,4.100,3.400
465.580,153.980,4.110,3.400
466.270,153.810,4.120,3.400
466.960,153.630,4.130,3.400
467.660,153.460,4.120,3.400
468.350,153.290,4.130,3.400
469.040,153.120,4.140,3.400
469.740,152.940,4.130,3.400
470.430,152.770,4.140,3.400
471.120,152.600,4.150,3.400
471.820,152.420,4.140,3.400
472.510,152.250,4.150,3.400
473.200,152.080,4.160,3.400
473.890,151.900,4.170,3.400
474.590,151.730,4.160,3.400
475.280,151.560,4.170,3.400
475.970,151.390,4.180,3.400
476.670,151.210,4.170,3.400
477.360,151.040,4.180,3.400
477.810,150.910,4.140,3.380
478.260,150.780,4.100,3.360
478.700,150.660,4.080,3.340
479.150,150.530,4.040,3.320
